63,-33,PdF20rRx1yvai4323Jl4bw8FLJc=,MEVhgzFBA8I7lxv3kxN2iGUKJAQ=
62,-33,PdF20rRx1yvai4323Jl4bw8FLJc=,MEVhgzFBA8I7lxv3kxN2iGUKJAQ=
61,-33,PdF20rRx1yvai4323Jl4bw8FLJc=,MEVhgzFBA8I7lxv3kxN2iGUKJAQ=
60,-33,PdF20rRx1yvai4323Jl4bw8FLJc=,MEVhgzFBA8I7lxv3kxN2iGUKJAQ=
58,-33,PdF20rRx1yvai4323Jl4bw8FLJc=,MEVhgzFBA8I7lxv3kxN2iGUKJAQ=
57,-33,PdF20rRx1yvai4323Jl4bw8FLJc=,MEVhgzFBA8I7lxv3kxN2iGUKJAQ=
59,-33,PdF20rRx1yvai4323Jl4bw8FLJc=,MEVhgzFBA8I7lxv3kxN2iGUKJAQ=
56,-33,PdF20rRx1yvai4323Jl4bw8FLJc=,MEVhgzFBA8I7lxv3kxN2iGUKJAQ=
55,-33,PdF20rRx1yvai4323Jl4bw8FLJc=,MEVhgzFBA8I7lxv3kxN2iGUKJAQ=
54,-33,PdF20rRx1yvai4323Jl4bw8FLJc=,MEVhgzFBA8I7lxv3kxN2iGUKJAQ=
53,-33,PdF20rRx1yvai4323Jl4bw8FLJc=,MEVhgzFBA8I7lxv3kxN2iGUKJAQ=
61,-46,PdF20rRx1yvai4323Jl4bw8FLJc=,MEVhgzFBA8I7lxv3kxN2iGUKJAQ=
62,-46,PdF20rRx1yvai4323Jl4bw8FLJc=,MEVhgzFBA8I7lxv3kxN2iGUKJAQ=
51,-48,PdF20rRx1yvai4323Jl4bw8FLJc=,MEVhgzFBA8I7lxv3kxN2iGUKJAQ=
52,-33,PdF20rRx1yvai4323Jl4bw8FLJc=,MEVhgzFBA8I7lxv3kxN2iGUKJAQ=
50,-33,PdF20rRx1yvai4323Jl4bw8FLJc=,MEVhgzFBA8I7lxv3kxN2iGUKJAQ=
49,-33,PdF20rRx1yvai4323Jl4bw8FLJc=,MEVhgzFBA8I7lxv3kxN2iGUKJAQ=
63,-46,P+tmESYAGl16ak0GKKMCUiLjdtw=,MEVhgzFBA8I7lxv3kxN2iGUKJAQ=
49,-47,PdF20rRx1yvai4323Jl4bw8FLJc=,MEVhgzFBA8I7lxv3kxN2iGUKJAQ=
61,-47,PdF20rRx1yvai4323Jl4bw8FLJc=,MEVhgzFBA8I7lxv3kxN2iGUKJAQ=
51,-33,PdF20rRx1yvai4323Jl4bw8FLJc=,MEVhgzFBA8I7lxv3kxN2iGUKJAQ=
58,-47,P+tmESYAGl16ak0GKKMCUiLjdtw=,MEVhgzFBA8I7lxv3kxN2iGUKJAQ=
63,-47,PdF20rRx1yvai4323Jl4bw8FLJc=,MEVhgzFBA8I7lxv3kxN2iGUKJAQ=
59,-47,P+tmESYAGl16ak0GKKMCUiLjdtw=,MEVhgzFBA8I7lxv3kxN2iGUKJAQ=
62,-47,PdF20rRx1yvai4323Jl4bw8FLJc=,MEVhgzFBA8I7lxv3kxN2iGUKJAQ=
48,-45,P+tmESYAGl16ak0GKKMCUiLjdtw=,MEVhgzFBA8I7lxv3kxN2iGUKJAQ=
56,-47,P+tmESYAGl16ak0GKKMCUiLjdtw=,MEVhgzFBA8I7lxv3kxN2iGUKJAQ=
57,-47,P+tmESYAGl16ak0GKKMCUiLjdtw=,MEVhgzFBA8I7lxv3kxN2iGUKJAQ=
55,-47,P+tmESYAGl16ak0GKKMCUiLjdtw=,MEVhgzFBA8I7lxv3kxN2iGUKJAQ=
52,-47,P+tmESYAGl16ak0GKKMCUiLjdtw=,MEVhgzFBA8I7lxv3kxN2iGUKJAQ=
53,-47,P+tmESYAGl16ak0GKKMCUiLjdtw=,MEVhgzFBA8I7lxv3kxN2iGUKJAQ=
54,-47,P+tmESYAGl16ak0GKKMCUiLjdtw=,MEVhgzFBA8I7lxv3kxN2iGUKJAQ=
63,-34,PdF20rRx1yvai4323Jl4bw8FLJc=,MEVhgzFBA8I7lxv3kxN2iGUKJAQ=
62,-34,PdF20rRx1yvai4323Jl4bw8FLJc=,MEVhgzFBA8I7lxv3kxN2iGUKJAQ=
60,-34,PdF20rRx1yvai4323Jl4bw8FLJc=,MEVhgzFBA8I7lxv3kxN2iGUKJAQ=
51,-47,P+tmESYAGl16ak0GKKMCUiLjdtw=,MEVhgzFBA8I7lxv3kxN2iGUKJAQ=
61,-34,PdF20rRx1yvai4323Jl4bw8FLJc=,MEVhgzFBA8I7lxv3kxN2iGUKJAQ=
59,-34,PdF20rRx1yvai4323Jl4bw8FLJc=,MEVhgzFBA8I7lxv3kxN2iGUKJAQ=
58,-34,PdF20rRx1yvai4323Jl4bw8FLJc=,MEVhgzFBA8I7lxv3kxN2iGUKJAQ=
55,-34,PdF20rRx1yvai4323Jl4bw8FLJc=,MEVhgzFBA8I7lxv3kxN2iGUKJAQ=
57,-34,PdF20rRx1yvai4323Jl4bw8FLJc=,MEVhgzFBA8I7lxv3kxN2iGUKJAQ=
56,-34,PdF20rRx1yvai4323Jl4bw8FLJc=,MEVhgzFBA8I7lxv3kxN2iGUKJAQ=
48,-33,PdF20rRx1yvai4323Jl4bw8FLJc=,MEVhgzFBA8I7lxv3kxN2iGUKJAQ=
49,-45,P+tmESYAGl16ak0GKKMCUiLjdtw=,MEVhgzFBA8I7lxv3kxN2iGUKJAQ=
50,-47,P+tmESYAGl16ak0GKKMCUiLjdtw=,MEVhgzFBA8I7lxv3kxN2iGUKJAQ=
60,-46,PdF20rRx1yvai4323Jl4bw8FLJc=,MEVhgzFBA8I7lxv3kxN2iGUKJAQ=
50,-48,PdF20rRx1yvai4323Jl4bw8FLJc=,MEVhgzFBA8I7lxv3kxN2iGUKJAQ=
63,-35,PdF20rRx1yvai4323Jl4bw8FLJc=,MEVhgzFBA8I7lxv3kxN2iGUKJAQ=
62,-35,PdF20rRx1yvai4323Jl4bw8FLJc=,MEVhgzFBA8I7lxv3kxN2iGUKJAQ=
48,-34,PdF20rRx1yvai4323Jl4bw8FLJc=,MEVhgzFBA8I7lxv3kxN2iGUKJAQ=
51,-34,PdF20rRx1yvai4323Jl4bw8FLJc=,MEVhgzFBA8I7lxv3kxN2iGUKJAQ=
50,-45,P+tmESYAGl16ak0GKKMCUiLjdtw=,MEVhgzFBA8I7lxv3kxN2iGUKJAQ=
52,-34,PdF20rRx1yvai4323Jl4bw8FLJc=,MEVhgzFBA8I7lxv3kxN2iGUKJAQ=
60,-35,PdF20rRx1yvai4323Jl4bw8FLJc=,MEVhgzFBA8I7lxv3kxN2iGUKJAQ=
61,-35,PdF20rRx1yvai4323Jl4bw8FLJc=,MEVhgzFBA8I7lxv3kxN2iGUKJAQ=
58,-35,PdF20rRx1yvai4323Jl4bw8FLJc=,MEVhgzFBA8I7lxv3kxN2iGUKJAQ=
59,-35,PdF20rRx1yvai4323Jl4bw8FLJc=,MEVhgzFBA8I7lxv3kxN2iGUKJAQ=
57,-35,PdF20rRx1yvai4323Jl4bw8FLJc=,MEVhgzFBA8I7lxv3kxN2iGUKJAQ=
56,-35,PdF20rRx1yvai4323Jl4bw8FLJc=,MEVhgzFBA8I7lxv3kxN2iGUKJAQ=
55,-35,PdF20rRx1yvai4323Jl4bw8FLJc=,MEVhgzFBA8I7lxv3kxN2iGUKJAQ=
49,-34,PdF20rRx1yvai4323Jl4bw8FLJc=,MEVhgzFBA8I7lxv3kxN2iGUKJAQ=
48,-47,PdF20rRx1yvai4323Jl4bw8FLJc=,MEVhgzFBA8I7lxv3kxN2iGUKJAQ=
50,-34,PdF20rRx1yvai4323Jl4bw8FLJc=,MEVhgzFBA8I7lxv3kxN2iGUKJAQ=
51,-45,P+tmESYAGl16ak0GKKMCUiLjdtw=,MEVhgzFBA8I7lxv3kxN2iGUKJAQ=
59,-46,PdF20rRx1yvai4323Jl4bw8FLJc=,MEVhgzFBA8I7lxv3kxN2iGUKJAQ=
54,-35,PdF20rRx1yvai4323Jl4bw8FLJc=,MEVhgzFBA8I7lxv3kxN2iGUKJAQ=
52,-45,P+tmESYAGl16ak0GKKMCUiLjdtw=,MEVhgzFBA8I7lxv3kxN2iGUKJAQ=
63,-48,PdF20rRx1yvai4323Jl4bw8FLJc=,MEVhgzFBA8I7lxv3kxN2iGUKJAQ=
51,-35,PdF20rRx1yvai4323Jl4bw8FLJc=,MEVhgzFBA8I7lxv3kxN2iGUKJAQ=
53,-35,PdF20rRx1yvai4323Jl4bw8FLJc=,MEVhgzFBA8I7lxv3kxN2iGUKJAQ=
63,-36,PdF20rRx1yvai4323Jl4bw8FLJc=,MEVhgzFBA8I7lxv3kxN2iGUKJAQ=
62,-36,PdF20rRx1yvai4323Jl4bw8FLJc=,MEVhgzFBA8I7lxv3kxN2iGUKJAQ=
61,-36,PdF20rRx1yvai4323Jl4bw8FLJc=,MEVhgzFBA8I7lxv3kxN2iGUKJAQ=
52,-35,PdF20rRx1yvai4323Jl4bw8FLJc=,MEVhgzFBA8I7lxv3kxN2iGUKJAQ=
49,-35,P+tmESYAGl16ak0GKKMCUiLjdtw=,MEVhgzFBA8I7lxv3kxN2iGUKJAQ=
60,-36,PdF20rRx1yvai4323Jl4bw8FLJc=,MEVhgzFBA8I7lxv3kxN2iGUKJAQ=
48,-35,PdF20rRx1yvai4323Jl4bw8FLJc=,MEVhgzFBA8I7lxv3kxN2iGUKJAQ=
59,-36,PdF20rRx1yvai4323Jl4bw8FLJc=,MEVhgzFBA8I7lxv3kxN2iGUKJAQ=
57,-36,PdF20rRx1yvai4323Jl4bw8FLJc=,MEVhgzFBA8I7lxv3kxN2iGUKJAQ=
58,-36,PdF20rRx1yvai4323Jl4bw8FLJc=,MEVhgzFBA8I7lxv3kxN2iGUKJAQ=
56,-36,PdF20rRx1yvai4323Jl4bw8FLJc=,MEVhgzFBA8I7lxv3kxN2iGUKJAQ=
55,-36,PdF20rRx1yvai4323Jl4bw8FLJc=,MEVhgzFBA8I7lxv3kxN2iGUKJAQ=
50,-35,P+tmESYAGl16ak0GKKMCUiLjdtw=,MEVhgzFBA8I7lxv3kxN2iGUKJAQ=
62,-48,P+tmESYAGl16ak0GKKMCUiLjdtw=,MEVhgzFBA8I7lxv3kxN2iGUKJAQ=
49,-48,PdF20rRx1yvai4323Jl4bw8FLJc=,MEVhgzFBA8I7lxv3kxN2iGUKJAQ=
48,-46,PdF20rRx1yvai4323Jl4bw8FLJc=,MEVhgzFBA8I7lxv3kxN2iGUKJAQ=
58,-46,PdF20rRx1yvai4323Jl4bw8FLJc=,MEVhgzFBA8I7lxv3kxN2iGUKJAQ=
54,-36,P+tmESYAGl16ak0GKKMCUiLjdtw=,MEVhgzFBA8I7lxv3kxN2iGUKJAQ=
53,-36,P+tmESYAGl16ak0GKKMCUiLjdtw=,MEVhgzFBA8I7lxv3kxN2iGUKJAQ=
52,-48,PdF20rRx1yvai4323Jl4bw8FLJc=,MEVhgzFBA8I7lxv3kxN2iGUKJAQ=
52,-36,P+tmESYAGl16ak0GKKMCUiLjdtw=,MEVhgzFBA8I7lxv3kxN2iGUKJAQ=
63,-37,P+tmESYAGl16ak0GKKMCUiLjdtw=,MEVhgzFBA8I7lxv3kxN2iGUKJAQ=
62,-37,P+tmESYAGl16ak0GKKMCUiLjdtw=,MEVhgzFBA8I7lxv3kxN2iGUKJAQ=
61,-37,P+tmESYAGl16ak0GKKMCUiLjdtw=,MEVhgzFBA8I7lxv3kxN2iGUKJAQ=
60,-37,P+tmESYAGl16ak0GKKMCUiLjdtw=,MEVhgzFBA8I7lxv3kxN2iGUKJAQ=
48,-36,P+tmESYAGl16ak0GKKMCUiLjdtw=,MEVhgzFBA8I7lxv3kxN2iGUKJAQ=
59,-37,P+tmESYAGl16ak0GKKMCUiLjdtw=,MEVhgzFBA8I7lxv3kxN2iGUKJAQ=
58,-37,P+tmESYAGl16ak0GKKMCUiLjdtw=,MEVhgzFBA8I7lxv3kxN2iGUKJAQ=
48,-48,PdF20rRx1yvai4323Jl4bw8FLJc=,MEVhgzFBA8I7lxv3kxN2iGUKJAQ=
57,-37,P+tmESYAGl16ak0GKKMCUiLjdtw=,MEVhgzFBA8I7lxv3kxN2iGUKJAQ=
56,-37,P+tmESYAGl16ak0GKKMCUiLjdtw=,MEVhgzFBA8I7lxv3kxN2iGUKJAQ=
53,-45,P+tmESYAGl16ak0GKKMCUiLjdtw=,MEVhgzFBA8I7lxv3kxN2iGUKJAQ=
55,-37,P+tmESYAGl16ak0GKKMCUiLjdtw=,MEVhgzFBA8I7lxv3kxN2iGUKJAQ=
61,-48,P+tmESYAGl16ak0GKKMCUiLjdtw=,MEVhgzFBA8I7lxv3kxN2iGUKJAQ=
51,-36,P+tmESYAGl16ak0GKKMCUiLjdtw=,MEVhgzFBA8I7lxv3kxN2iGUKJAQ=
57,-46,PdF20rRx1yvai4323Jl4bw8FLJc=,MEVhgzFBA8I7lxv3kxN2iGUKJAQ=
49,-36,P+tmESYAGl16ak0GKKMCUiLjdtw=,MEVhgzFBA8I7lxv3kxN2iGUKJAQ=
50,-36,P+tmESYAGl16ak0GKKMCUiLjdtw=,MEVhgzFBA8I7lxv3kxN2iGUKJAQ=
54,-45,P+tmESYAGl16ak0GKKMCUiLjdtw=,MEVhgzFBA8I7lxv3kxN2iGUKJAQ=
54,-37,P+tmESYAGl16ak0GKKMCUiLjdtw=,MEVhgzFBA8I7lxv3kxN2iGUKJAQ=
63,-38,P+tmESYAGl16ak0GKKMCUiLjdtw=,MEVhgzFBA8I7lxv3kxN2iGUKJAQ=
53,-37,P+tmESYAGl16ak0GKKMCUiLjdtw=,MEVhgzFBA8I7lxv3kxN2iGUKJAQ=
62,-38,P+tmESYAGl16ak0GKKMCUiLjdtw=,MEVhgzFBA8I7lxv3kxN2iGUKJAQ=
61,-38,P+tmESYAGl16ak0GKKMCUiLjdtw=,MEVhgzFBA8I7lxv3kxN2iGUKJAQ=
60,-38,P+tmESYAGl16ak0GKKMCUiLjdtw=,MEVhgzFBA8I7lxv3kxN2iGUKJAQ=
59,-38,P+tmESYAGl16ak0GKKMCUiLjdtw=,MEVhgzFBA8I7lxv3kxN2iGUKJAQ=
56,-38,P+tmESYAGl16ak0GKKMCUiLjdtw=,MEVhgzFBA8I7lxv3kxN2iGUKJAQ=
51,-37,P+tmESYAGl16ak0GKKMCUiLjdtw=,MEVhgzFBA8I7lxv3kxN2iGUKJAQ=
55,-38,P+tmESYAGl16ak0GKKMCUiLjdtw=,MEVhgzFBA8I7lxv3kxN2iGUKJAQ=
55,-45,P+tmESYAGl16ak0GKKMCUiLjdtw=,MEVhgzFBA8I7lxv3kxN2iGUKJAQ=
52,-37,P+tmESYAGl16ak0GKKMCUiLjdtw=,MEVhgzFBA8I7lxv3kxN2iGUKJAQ=
48,-37,P+tmESYAGl16ak0GKKMCUiLjdtw=,MEVhgzFBA8I7lxv3kxN2iGUKJAQ=
60,-48,P+tmESYAGl16ak0GKKMCUiLjdtw=,MEVhgzFBA8I7lxv3kxN2iGUKJAQ=
50,-37,P+tmESYAGl16ak0GKKMCUiLjdtw=,MEVhgzFBA8I7lxv3kxN2iGUKJAQ=
56,-46,PdF20rRx1yvai4323Jl4bw8FLJc=,MEVhgzFBA8I7lxv3kxN2iGUKJAQ=
54,-38,P+tmESYAGl16ak0GKKMCUiLjdtw=,MEVhgzFBA8I7lxv3kxN2iGUKJAQ=
53,-38,P+tmESYAGl16ak0GKKMCUiLjdtw=,MEVhgzFBA8I7lxv3kxN2iGUKJAQ=
62,-39,P+tmESYAGl16ak0GKKMCUiLjdtw=,MEVhgzFBA8I7lxv3kxN2iGUKJAQ=
63,-39,P+tmESYAGl16ak0GKKMCUiLjdtw=,MEVhgzFBA8I7lxv3kxN2iGUKJAQ=
61,-39,P+tmESYAGl16ak0GKKMCUiLjdtw=,MEVhgzFBA8I7lxv3kxN2iGUKJAQ=
60,-39,P+tmESYAGl16ak0GKKMCUiLjdtw=,MEVhgzFBA8I7lxv3kxN2iGUKJAQ=
59,-39,P+tmESYAGl16ak0GKKMCUiLjdtw=,MEVhgzFBA8I7lxv3kxN2iGUKJAQ=
58,-39,P+tmESYAGl16ak0GKKMCUiLjdtw=,MEVhgzFBA8I7lxv3kxN2iGUKJAQ=
49,-38,P+tmESYAGl16ak0GKKMCUiLjdtw=,MEVhgzFBA8I7lxv3kxN2iGUKJAQ=
56,-45,P+tmESYAGl16ak0GKKMCUiLjdtw=,MEVhgzFBA8I7lxv3kxN2iGUKJAQ=
52,-38,P+tmESYAGl16ak0GKKMCUiLjdtw=,MEVhgzFBA8I7lxv3kxN2iGUKJAQ=
56,-39,P+tmESYAGl16ak0GKKMCUiLjdtw=,MEVhgzFBA8I7lxv3kxN2iGUKJAQ=
57,-39,P+tmESYAGl16ak0GKKMCUiLjdtw=,MEVhgzFBA8I7lxv3kxN2iGUKJAQ=
51,-38,P+tmESYAGl16ak0GKKMCUiLjdtw=,MEVhgzFBA8I7lxv3kxN2iGUKJAQ=
59,-48,P+tmESYAGl16ak0GKKMCUiLjdtw=,MEVhgzFBA8I7lxv3kxN2iGUKJAQ=
55,-39,P+tmESYAGl16ak0GKKMCUiLjdtw=,MEVhgzFBA8I7lxv3kxN2iGUKJAQ=
57,-45,PdF20rRx1yvai4323Jl4bw8FLJc=,MEVhgzFBA8I7lxv3kxN2iGUKJAQ=
48,-38,P+tmESYAGl16ak0GKKMCUiLjdtw=,MEVhgzFBA8I7lxv3kxN2iGUKJAQ=
50,-38,P+tmESYAGl16ak0GKKMCUiLjdtw=,MEVhgzFBA8I7lxv3kxN2iGUKJAQ=
55,-46,PdF20rRx1yvai4323Jl4bw8FLJc=,MEVhgzFBA8I7lxv3kxN2iGUKJAQ=
54,-39,P+tmESYAGl16ak0GKKMCUiLjdtw=,MEVhgzFBA8I7lxv3kxN2iGUKJAQ=
53,-39,P+tmESYAGl16ak0GKKMCUiLjdtw=,MEVhgzFBA8I7lxv3kxN2iGUKJAQ=
58,-45,PdF20rRx1yvai4323Jl4bw8FLJc=,MEVhgzFBA8I7lxv3kxN2iGUKJAQ=
63,-40,P+tmESYAGl16ak0GKKMCUiLjdtw=,MEVhgzFBA8I7lxv3kxN2iGUKJAQ=
61,-40,P+tmESYAGl16ak0GKKMCUiLjdtw=,MEVhgzFBA8I7lxv3kxN2iGUKJAQ=
62,-40,P+tmESYAGl16ak0GKKMCUiLjdtw=,MEVhgzFBA8I7lxv3kxN2iGUKJAQ=
60,-40,P+tmESYAGl16ak0GKKMCUiLjdtw=,MEVhgzFBA8I7lxv3kxN2iGUKJAQ=
59,-40,P+tmESYAGl16ak0GKKMCUiLjdtw=,MEVhgzFBA8I7lxv3kxN2iGUKJAQ=
51,-39,P+tmESYAGl16ak0GKKMCUiLjdtw=,MEVhgzFBA8I7lxv3kxN2iGUKJAQ=
52,-39,P+tmESYAGl16ak0GKKMCUiLjdtw=,MEVhgzFBA8I7lxv3kxN2iGUKJAQ=
49,-39,P+tmESYAGl16ak0GKKMCUiLjdtw=,MEVhgzFBA8I7lxv3kxN2iGUKJAQ=
50,-39,P+tmESYAGl16ak0GKKMCUiLjdtw=,MEVhgzFBA8I7lxv3kxN2iGUKJAQ=
59,-45,PdF20rRx1yvai4323Jl4bw8FLJc=,MEVhgzFBA8I7lxv3kxN2iGUKJAQ=
48,-39,P+tmESYAGl16ak0GKKMCUiLjdtw=,MEVhgzFBA8I7lxv3kxN2iGUKJAQ=
57,-40,P+tmESYAGl16ak0GKKMCUiLjdtw=,MEVhgzFBA8I7lxv3kxN2iGUKJAQ=
54,-46,PdF20rRx1yvai4323Jl4bw8FLJc=,MEVhgzFBA8I7lxv3kxN2iGUKJAQ=
58,-48,P+tmESYAGl16ak0GKKMCUiLjdtw=,MEVhgzFBA8I7lxv3kxN2iGUKJAQ=
56,-40,P+tmESYAGl16ak0GKKMCUiLjdtw=,MEVhgzFBA8I7lxv3kxN2iGUKJAQ=
60,-45,PdF20rRx1yvai4323Jl4bw8FLJc=,MEVhgzFBA8I7lxv3kxN2iGUKJAQ=
53,-34,PdF20rRx1yvai4323Jl4bw8FLJc=,MEVhgzFBA8I7lxv3kxN2iGUKJAQ=
54,-40,P+tmESYAGl16ak0GKKMCUiLjdtw=,MEVhgzFBA8I7lxv3kxN2iGUKJAQ=
52,-40,P+tmESYAGl16ak0GKKMCUiLjdtw=,MEVhgzFBA8I7lxv3kxN2iGUKJAQ=
55,-40,P+tmESYAGl16ak0GKKMCUiLjdtw=,MEVhgzFBA8I7lxv3kxN2iGUKJAQ=
63,-41,P+tmESYAGl16ak0GKKMCUiLjdtw=,MEVhgzFBA8I7lxv3kxN2iGUKJAQ=
62,-41,P+tmESYAGl16ak0GKKMCUiLjdtw=,MEVhgzFBA8I7lxv3kxN2iGUKJAQ=
61,-41,P+tmESYAGl16ak0GKKMCUiLjdtw=,MEVhgzFBA8I7lxv3kxN2iGUKJAQ=
53,-40,P+tmESYAGl16ak0GKKMCUiLjdtw=,MEVhgzFBA8I7lxv3kxN2iGUKJAQ=
60,-41,P+tmESYAGl16ak0GKKMCUiLjdtw=,MEVhgzFBA8I7lxv3kxN2iGUKJAQ=
61,-45,PdF20rRx1yvai4323Jl4bw8FLJc=,MEVhgzFBA8I7lxv3kxN2iGUKJAQ=
59,-41,P+tmESYAGl16ak0GKKMCUiLjdtw=,MEVhgzFBA8I7lxv3kxN2iGUKJAQ=
49,-40,P+tmESYAGl16ak0GKKMCUiLjdtw=,MEVhgzFBA8I7lxv3kxN2iGUKJAQ=
50,-40,P+tmESYAGl16ak0GKKMCUiLjdtw=,MEVhgzFBA8I7lxv3kxN2iGUKJAQ=
57,-41,P+tmESYAGl16ak0GKKMCUiLjdtw=,MEVhgzFBA8I7lxv3kxN2iGUKJAQ=
62,-45,PdF20rRx1yvai4323Jl4bw8FLJc=,MEVhgzFBA8I7lxv3kxN2iGUKJAQ=
48,-40,P+tmESYAGl16ak0GKKMCUiLjdtw=,MEVhgzFBA8I7lxv3kxN2iGUKJAQ=
58,-41,P+tmESYAGl16ak0GKKMCUiLjdtw=,MEVhgzFBA8I7lxv3kxN2iGUKJAQ=
56,-41,P+tmESYAGl16ak0GKKMCUiLjdtw=,MEVhgzFBA8I7lxv3kxN2iGUKJAQ=
57,-48,P+tmESYAGl16ak0GKKMCUiLjdtw=,MEVhgzFBA8I7lxv3kxN2iGUKJAQ=
55,-41,P+tmESYAGl16ak0GKKMCUiLjdtw=,MEVhgzFBA8I7lxv3kxN2iGUKJAQ=
53,-46,PdF20rRx1yvai4323Jl4bw8FLJc=,MEVhgzFBA8I7lxv3kxN2iGUKJAQ=
54,-41,P+tmESYAGl16ak0GKKMCUiLjdtw=,MEVhgzFBA8I7lxv3kxN2iGUKJAQ=
53,-41,P+tmESYAGl16ak0GKKMCUiLjdtw=,MEVhgzFBA8I7lxv3kxN2iGUKJAQ=
63,-42,P+tmESYAGl16ak0GKKMCUiLjdtw=,MEVhgzFBA8I7lxv3kxN2iGUKJAQ=
62,-42,P+tmESYAGl16ak0GKKMCUiLjdtw=,MEVhgzFBA8I7lxv3kxN2iGUKJAQ=
61,-42,P+tmESYAGl16ak0GKKMCUiLjdtw=,MEVhgzFBA8I7lxv3kxN2iGUKJAQ=
60,-42,P+tmESYAGl16ak0GKKMCUiLjdtw=,MEVhgzFBA8I7lxv3kxN2iGUKJAQ=
51,-41,P+tmESYAGl16ak0GKKMCUiLjdtw=,MEVhgzFBA8I7lxv3kxN2iGUKJAQ=
49,-41,P+tmESYAGl16ak0GKKMCUiLjdtw=,MEVhgzFBA8I7lxv3kxN2iGUKJAQ=
63,-45,PdF20rRx1yvai4323Jl4bw8FLJc=,MEVhgzFBA8I7lxv3kxN2iGUKJAQ=
50,-41,P+tmESYAGl16ak0GKKMCUiLjdtw=,MEVhgzFBA8I7lxv3kxN2iGUKJAQ=
59,-42,P+tmESYAGl16ak0GKKMCUiLjdtw=,MEVhgzFBA8I7lxv3kxN2iGUKJAQ=
58,-42,P+tmESYAGl16ak0GKKMCUiLjdtw=,MEVhgzFBA8I7lxv3kxN2iGUKJAQ=
57,-42,P+tmESYAGl16ak0GKKMCUiLjdtw=,MEVhgzFBA8I7lxv3kxN2iGUKJAQ=
48,-41,P+tmESYAGl16ak0GKKMCUiLjdtw=,MEVhgzFBA8I7lxv3kxN2iGUKJAQ=
55,-42,P+tmESYAGl16ak0GKKMCUiLjdtw=,MEVhgzFBA8I7lxv3kxN2iGUKJAQ=
56,-42,P+tmESYAGl16ak0GKKMCUiLjdtw=,MEVhgzFBA8I7lxv3kxN2iGUKJAQ=
49,-46,PdF20rRx1yvai4323Jl4bw8FLJc=,MEVhgzFBA8I7lxv3kxN2iGUKJAQ=
56,-48,P+tmESYAGl16ak0GKKMCUiLjdtw=,MEVhgzFBA8I7lxv3kxN2iGUKJAQ=
63,-43,P+tmESYAGl16ak0GKKMCUiLjdtw=,MEVhgzFBA8I7lxv3kxN2iGUKJAQ=
62,-43,P+tmESYAGl16ak0GKKMCUiLjdtw=,MEVhgzFBA8I7lxv3kxN2iGUKJAQ=
61,-43,P+tmESYAGl16ak0GKKMCUiLjdtw=,MEVhgzFBA8I7lxv3kxN2iGUKJAQ=
60,-43,P+tmESYAGl16ak0GKKMCUiLjdtw=,MEVhgzFBA8I7lxv3kxN2iGUKJAQ=
51,-42,P+tmESYAGl16ak0GKKMCUiLjdtw=,MEVhgzFBA8I7lxv3kxN2iGUKJAQ=
52,-42,P+tmESYAGl16ak0GKKMCUiLjdtw=,MEVhgzFBA8I7lxv3kxN2iGUKJAQ=
50,-42,P+tmESYAGl16ak0GKKMCUiLjdtw=,MEVhgzFBA8I7lxv3kxN2iGUKJAQ=
49,-42,P+tmESYAGl16ak0GKKMCUiLjdtw=,MEVhgzFBA8I7lxv3kxN2iGUKJAQ=
48,-42,P+tmESYAGl16ak0GKKMCUiLjdtw=,MEVhgzFBA8I7lxv3kxN2iGUKJAQ=
57,-43,P+tmESYAGl16ak0GKKMCUiLjdtw=,MEVhgzFBA8I7lxv3kxN2iGUKJAQ=
48,-44,P+tmESYAGl16ak0GKKMCUiLjdtw=,MEVhgzFBA8I7lxv3kxN2iGUKJAQ=
58,-43,P+tmESYAGl16ak0GKKMCUiLjdtw=,MEVhgzFBA8I7lxv3kxN2iGUKJAQ=
59,-43,P+tmESYAGl16ak0GKKMCUiLjdtw=,MEVhgzFBA8I7lxv3kxN2iGUKJAQ=
55,-43,P+tmESYAGl16ak0GKKMCUiLjdtw=,MEVhgzFBA8I7lxv3kxN2iGUKJAQ=
56,-43,P+tmESYAGl16ak0GKKMCUiLjdtw=,MEVhgzFBA8I7lxv3kxN2iGUKJAQ=
54,-43,P+tmESYAGl16ak0GKKMCUiLjdtw=,MEVhgzFBA8I7lxv3kxN2iGUKJAQ=
55,-48,P+tmESYAGl16ak0GKKMCUiLjdtw=,MEVhgzFBA8I7lxv3kxN2iGUKJAQ=
53,-43,P+tmESYAGl16ak0GKKMCUiLjdtw=,MEVhgzFBA8I7lxv3kxN2iGUKJAQ=
52,-43,P+tmESYAGl16ak0GKKMCUiLjdtw=,MEVhgzFBA8I7lxv3kxN2iGUKJAQ=
63,-44,P+tmESYAGl16ak0GKKMCUiLjdtw=,MEVhgzFBA8I7lxv3kxN2iGUKJAQ=
51,-46,PdF20rRx1yvai4323Jl4bw8FLJc=,MEVhgzFBA8I7lxv3kxN2iGUKJAQ=
51,-43,P+tmESYAGl16ak0GKKMCUiLjdtw=,MEVhgzFBA8I7lxv3kxN2iGUKJAQ=
62,-44,P+tmESYAGl16ak0GKKMCUiLjdtw=,MEVhgzFBA8I7lxv3kxN2iGUKJAQ=
61,-44,P+tmESYAGl16ak0GKKMCUiLjdtw=,MEVhgzFBA8I7lxv3kxN2iGUKJAQ=
60,-44,P+tmESYAGl16ak0GKKMCUiLjdtw=,MEVhgzFBA8I7lxv3kxN2iGUKJAQ=
49,-44,P+tmESYAGl16ak0GKKMCUiLjdtw=,MEVhgzFBA8I7lxv3kxN2iGUKJAQ=
54,-48,P+tmESYAGl16ak0GKKMCUiLjdtw=,MEVhgzFBA8I7lxv3kxN2iGUKJAQ=
50,-43,P+tmESYAGl16ak0GKKMCUiLjdtw=,MEVhgzFBA8I7lxv3kxN2iGUKJAQ=
58,-44,P+tmESYAGl16ak0GKKMCUiLjdtw=,MEVhgzFBA8I7lxv3kxN2iGUKJAQ=
59,-44,P+tmESYAGl16ak0GKKMCUiLjdtw=,MEVhgzFBA8I7lxv3kxN2iGUKJAQ=
48,-43,P+tmESYAGl16ak0GKKMCUiLjdtw=,MEVhgzFBA8I7lxv3kxN2iGUKJAQ=
49,-43,P+tmESYAGl16ak0GKKMCUiLjdtw=,MEVhgzFBA8I7lxv3kxN2iGUKJAQ=
50,-44,P+tmESYAGl16ak0GKKMCUiLjdtw=,MEVhgzFBA8I7lxv3kxN2iGUKJAQ=
57,-44,P+tmESYAGl16ak0GKKMCUiLjdtw=,MEVhgzFBA8I7lxv3kxN2iGUKJAQ=
55,-44,P+tmESYAGl16ak0GKKMCUiLjdtw=,MEVhgzFBA8I7lxv3kxN2iGUKJAQ=
52,-44,P+tmESYAGl16ak0GKKMCUiLjdtw=,MEVhgzFBA8I7lxv3kxN2iGUKJAQ=
56,-44,P+tmESYAGl16ak0GKKMCUiLjdtw=,MEVhgzFBA8I7lxv3kxN2iGUKJAQ=
53,-44,P+tmESYAGl16ak0GKKMCUiLjdtw=,MEVhgzFBA8I7lxv3kxN2iGUKJAQ=
52,-46,PdF20rRx1yvai4323Jl4bw8FLJc=,MEVhgzFBA8I7lxv3kxN2iGUKJAQ=
53,-42,P+tmESYAGl16ak0GKKMCUiLjdtw=,MEVhgzFBA8I7lxv3kxN2iGUKJAQ=
54,-42,P+tmESYAGl16ak0GKKMCUiLjdtw=,MEVhgzFBA8I7lxv3kxN2iGUKJAQ=
53,-48,P+tmESYAGl16ak0GKKMCUiLjdtw=,MEVhgzFBA8I7lxv3kxN2iGUKJAQ=
51,-44,P+tmESYAGl16ak0GKKMCUiLjdtw=,MEVhgzFBA8I7lxv3kxN2iGUKJAQ=
58,-40,P+tmESYAGl16ak0GKKMCUiLjdtw=,MEVhgzFBA8I7lxv3kxN2iGUKJAQ=
50,-46,PdF20rRx1yvai4323Jl4bw8FLJc=,MEVhgzFBA8I7lxv3kxN2iGUKJAQ=
60,-47,P+tmESYAGl16ak0GKKMCUiLjdtw=,MEVhgzFBA8I7lxv3kxN2iGUKJAQ=
58,-38,P+tmESYAGl16ak0GKKMCUiLjdtw=,MEVhgzFBA8I7lxv3kxN2iGUKJAQ=
49,-37,P+tmESYAGl16ak0GKKMCUiLjdtw=,MEVhgzFBA8I7lxv3kxN2iGUKJAQ=
57,-38,P+tmESYAGl16ak0GKKMCUiLjdtw=,MEVhgzFBA8I7lxv3kxN2iGUKJAQ=
54,-44,P+tmESYAGl16ak0GKKMCUiLjdtw=,MEVhgzFBA8I7lxv3kxN2iGUKJAQ=
52,-41,P+tmESYAGl16ak0GKKMCUiLjdtw=,MEVhgzFBA8I7lxv3kxN2iGUKJAQ=
54,-34,PdF20rRx1yvai4323Jl4bw8FLJc=,MEVhgzFBA8I7lxv3kxN2iGUKJAQ=
51,-40,P+tmESYAGl16ak0GKKMCUiLjdtw=,MEVhgzFBA8I7lxv3kxN2iGUKJAQ=
51,-64,3kM4o8b6LAiLKwRPeJWBrmRjzYU=,m0o6B7XHACnNkhKulV6lBfkIC2Q=
63,-49,3kM4o8b6LAiLKwRPeJWBrmRjzYU=,m0o6B7XHACnNkhKulV6lBfkIC2Q=
52,-62,3kM4o8b6LAiLKwRPeJWBrmRjzYU=,m0o6B7XHACnNkhKulV6lBfkIC2Q=
51,-62,3kM4o8b6LAiLKwRPeJWBrmRjzYU=,m0o6B7XHACnNkhKulV6lBfkIC2Q=
50,-62,3kM4o8b6LAiLKwRPeJWBrmRjzYU=,m0o6B7XHACnNkhKulV6lBfkIC2Q=
49,-62,3kM4o8b6LAiLKwRPeJWBrmRjzYU=,m0o6B7XHACnNkhKulV6lBfkIC2Q=
53,-62,3kM4o8b6LAiLKwRPeJWBrmRjzYU=,m0o6B7XHACnNkhKulV6lBfkIC2Q=
56,-62,3kM4o8b6LAiLKwRPeJWBrmRjzYU=,m0o6B7XHACnNkhKulV6lBfkIC2Q=
48,-62,3kM4o8b6LAiLKwRPeJWBrmRjzYU=,m0o6B7XHACnNkhKulV6lBfkIC2Q=
60,-61,3kM4o8b6LAiLKwRPeJWBrmRjzYU=,m0o6B7XHACnNkhKulV6lBfkIC2Q=
55,-62,3kM4o8b6LAiLKwRPeJWBrmRjzYU=,m0o6B7XHACnNkhKulV6lBfkIC2Q=
59,-62,3kM4o8b6LAiLKwRPeJWBrmRjzYU=,m0o6B7XHACnNkhKulV6lBfkIC2Q=
62,-49,3kM4o8b6LAiLKwRPeJWBrmRjzYU=,m0o6B7XHACnNkhKulV6lBfkIC2Q=
54,-62,3kM4o8b6LAiLKwRPeJWBrmRjzYU=,m0o6B7XHACnNkhKulV6lBfkIC2Q=
61,-49,3kM4o8b6LAiLKwRPeJWBrmRjzYU=,m0o6B7XHACnNkhKulV6lBfkIC2Q=
60,-49,3kM4o8b6LAiLKwRPeJWBrmRjzYU=,m0o6B7XHACnNkhKulV6lBfkIC2Q=
59,-49,3kM4o8b6LAiLKwRPeJWBrmRjzYU=,m0o6B7XHACnNkhKulV6lBfkIC2Q=
63,-63,3kM4o8b6LAiLKwRPeJWBrmRjzYU=,m0o6B7XHACnNkhKulV6lBfkIC2Q=
58,-49,3kM4o8b6LAiLKwRPeJWBrmRjzYU=,m0o6B7XHACnNkhKulV6lBfkIC2Q=
57,-49,3kM4o8b6LAiLKwRPeJWBrmRjzYU=,m0o6B7XHACnNkhKulV6lBfkIC2Q=
62,-62,3kM4o8b6LAiLKwRPeJWBrmRjzYU=,m0o6B7XHACnNkhKulV6lBfkIC2Q=
52,-64,3kM4o8b6LAiLKwRPeJWBrmRjzYU=,m0o6B7XHACnNkhKulV6lBfkIC2Q=
59,-61,3kM4o8b6LAiLKwRPeJWBrmRjzYU=,m0o6B7XHACnNkhKulV6lBfkIC2Q=
55,-49,3kM4o8b6LAiLKwRPeJWBrmRjzYU=,m0o6B7XHACnNkhKulV6lBfkIC2Q=
54,-49,3kM4o8b6LAiLKwRPeJWBrmRjzYU=,m0o6B7XHACnNkhKulV6lBfkIC2Q=
50,-64,3kM4o8b6LAiLKwRPeJWBrmRjzYU=,m0o6B7XHACnNkhKulV6lBfkIC2Q=
56,-49,3kM4o8b6LAiLKwRPeJWBrmRjzYU=,m0o6B7XHACnNkhKulV6lBfkIC2Q=
52,-49,3kM4o8b6LAiLKwRPeJWBrmRjzYU=,m0o6B7XHACnNkhKulV6lBfkIC2Q=
50,-49,3kM4o8b6LAiLKwRPeJWBrmRjzYU=,m0o6B7XHACnNkhKulV6lBfkIC2Q=
53,-49,3kM4o8b6LAiLKwRPeJWBrmRjzYU=,m0o6B7XHACnNkhKulV6lBfkIC2Q=
51,-49,3kM4o8b6LAiLKwRPeJWBrmRjzYU=,m0o6B7XHACnNkhKulV6lBfkIC2Q=
48,-49,3kM4o8b6LAiLKwRPeJWBrmRjzYU=,m0o6B7XHACnNkhKulV6lBfkIC2Q=
62,-50,3kM4o8b6LAiLKwRPeJWBrmRjzYU=,m0o6B7XHACnNkhKulV6lBfkIC2Q=
49,-49,3kM4o8b6LAiLKwRPeJWBrmRjzYU=,m0o6B7XHACnNkhKulV6lBfkIC2Q=
61,-61,3kM4o8b6LAiLKwRPeJWBrmRjzYU=,m0o6B7XHACnNkhKulV6lBfkIC2Q=
63,-50,3kM4o8b6LAiLKwRPeJWBrmRjzYU=,m0o6B7XHACnNkhKulV6lBfkIC2Q=
58,-61,3kM4o8b6LAiLKwRPeJWBrmRjzYU=,m0o6B7XHACnNkhKulV6lBfkIC2Q=
61,-50,3kM4o8b6LAiLKwRPeJWBrmRjzYU=,m0o6B7XHACnNkhKulV6lBfkIC2Q=
60,-50,3kM4o8b6LAiLKwRPeJWBrmRjzYU=,m0o6B7XHACnNkhKulV6lBfkIC2Q=
58,-50,3kM4o8b6LAiLKwRPeJWBrmRjzYU=,m0o6B7XHACnNkhKulV6lBfkIC2Q=
62,-63,3kM4o8b6LAiLKwRPeJWBrmRjzYU=,m0o6B7XHACnNkhKulV6lBfkIC2Q=
59,-50,3kM4o8b6LAiLKwRPeJWBrmRjzYU=,m0o6B7XHACnNkhKulV6lBfkIC2Q=
57,-50,3kM4o8b6LAiLKwRPeJWBrmRjzYU=,m0o6B7XHACnNkhKulV6lBfkIC2Q=
54,-50,3kM4o8b6LAiLKwRPeJWBrmRjzYU=,m0o6B7XHACnNkhKulV6lBfkIC2Q=
55,-50,3kM4o8b6LAiLKwRPeJWBrmRjzYU=,m0o6B7XHACnNkhKulV6lBfkIC2Q=
56,-50,3kM4o8b6LAiLKwRPeJWBrmRjzYU=,m0o6B7XHACnNkhKulV6lBfkIC2Q=
49,-63,3kM4o8b6LAiLKwRPeJWBrmRjzYU=,m0o6B7XHACnNkhKulV6lBfkIC2Q=
53,-50,3kM4o8b6LAiLKwRPeJWBrmRjzYU=,m0o6B7XHACnNkhKulV6lBfkIC2Q=
48,-63,3kM4o8b6LAiLKwRPeJWBrmRjzYU=,m0o6B7XHACnNkhKulV6lBfkIC2Q=
52,-50,3kM4o8b6LAiLKwRPeJWBrmRjzYU=,m0o6B7XHACnNkhKulV6lBfkIC2Q=
62,-61,3kM4o8b6LAiLKwRPeJWBrmRjzYU=,m0o6B7XHACnNkhKulV6lBfkIC2Q=
49,-64,3kM4o8b6LAiLKwRPeJWBrmRjzYU=,m0o6B7XHACnNkhKulV6lBfkIC2Q=
50,-50,3kM4o8b6LAiLKwRPeJWBrmRjzYU=,m0o6B7XHACnNkhKulV6lBfkIC2Q=
51,-50,3kM4o8b6LAiLKwRPeJWBrmRjzYU=,m0o6B7XHACnNkhKulV6lBfkIC2Q=
63,-51,3kM4o8b6LAiLKwRPeJWBrmRjzYU=,m0o6B7XHACnNkhKulV6lBfkIC2Q=
49,-50,3kM4o8b6LAiLKwRPeJWBrmRjzYU=,m0o6B7XHACnNkhKulV6lBfkIC2Q=
48,-50,3kM4o8b6LAiLKwRPeJWBrmRjzYU=,m0o6B7XHACnNkhKulV6lBfkIC2Q=
57,-61,3kM4o8b6LAiLKwRPeJWBrmRjzYU=,m0o6B7XHACnNkhKulV6lBfkIC2Q=
62,-51,3kM4o8b6LAiLKwRPeJWBrmRjzYU=,m0o6B7XHACnNkhKulV6lBfkIC2Q=
61,-51,3kM4o8b6LAiLKwRPeJWBrmRjzYU=,m0o6B7XHACnNkhKulV6lBfkIC2Q=
57,-51,3kM4o8b6LAiLKwRPeJWBrmRjzYU=,m0o6B7XHACnNkhKulV6lBfkIC2Q=
63,-61,3kM4o8b6LAiLKwRPeJWBrmRjzYU=,m0o6B7XHACnNkhKulV6lBfkIC2Q=
48,-60,3kM4o8b6LAiLKwRPeJWBrmRjzYU=,m0o6B7XHACnNkhKulV6lBfkIC2Q=
60,-51,3kM4o8b6LAiLKwRPeJWBrmRjzYU=,m0o6B7XHACnNkhKulV6lBfkIC2Q=
58,-51,3kM4o8b6LAiLKwRPeJWBrmRjzYU=,m0o6B7XHACnNkhKulV6lBfkIC2Q=
59,-51,3kM4o8b6LAiLKwRPeJWBrmRjzYU=,m0o6B7XHACnNkhKulV6lBfkIC2Q=
56,-51,3kM4o8b6LAiLKwRPeJWBrmRjzYU=,m0o6B7XHACnNkhKulV6lBfkIC2Q=
53,-64,3kM4o8b6LAiLKwRPeJWBrmRjzYU=,m0o6B7XHACnNkhKulV6lBfkIC2Q=
50,-63,3kM4o8b6LAiLKwRPeJWBrmRjzYU=,m0o6B7XHACnNkhKulV6lBfkIC2Q=
55,-51,3kM4o8b6LAiLKwRPeJWBrmRjzYU=,m0o6B7XHACnNkhKulV6lBfkIC2Q=
49,-60,3kM4o8b6LAiLKwRPeJWBrmRjzYU=,m0o6B7XHACnNkhKulV6lBfkIC2Q=
53,-51,3kM4o8b6LAiLKwRPeJWBrmRjzYU=,m0o6B7XHACnNkhKulV6lBfkIC2Q=
54,-51,3kM4o8b6LAiLKwRPeJWBrmRjzYU=,m0o6B7XHACnNkhKulV6lBfkIC2Q=
51,-51,3kM4o8b6LAiLKwRPeJWBrmRjzYU=,m0o6B7XHACnNkhKulV6lBfkIC2Q=
52,-51,3kM4o8b6LAiLKwRPeJWBrmRjzYU=,m0o6B7XHACnNkhKulV6lBfkIC2Q=
48,-64,3kM4o8b6LAiLKwRPeJWBrmRjzYU=,m0o6B7XHACnNkhKulV6lBfkIC2Q=
50,-51,3kM4o8b6LAiLKwRPeJWBrmRjzYU=,m0o6B7XHACnNkhKulV6lBfkIC2Q=
50,-60,3kM4o8b6LAiLKwRPeJWBrmRjzYU=,m0o6B7XHACnNkhKulV6lBfkIC2Q=
49,-51,3kM4o8b6LAiLKwRPeJWBrmRjzYU=,m0o6B7XHACnNkhKulV6lBfkIC2Q=
61,-63,3kM4o8b6LAiLKwRPeJWBrmRjzYU=,m0o6B7XHACnNkhKulV6lBfkIC2Q=
63,-52,3kM4o8b6LAiLKwRPeJWBrmRjzYU=,m0o6B7XHACnNkhKulV6lBfkIC2Q=
51,-60,3kM4o8b6LAiLKwRPeJWBrmRjzYU=,m0o6B7XHACnNkhKulV6lBfkIC2Q=
48,-51,3kM4o8b6LAiLKwRPeJWBrmRjzYU=,m0o6B7XHACnNkhKulV6lBfkIC2Q=
60,-63,3kM4o8b6LAiLKwRPeJWBrmRjzYU=,m0o6B7XHACnNkhKulV6lBfkIC2Q=
62,-52,3kM4o8b6LAiLKwRPeJWBrmRjzYU=,m0o6B7XHACnNkhKulV6lBfkIC2Q=
57,-52,3kM4o8b6LAiLKwRPeJWBrmRjzYU=,m0o6B7XHACnNkhKulV6lBfkIC2Q=
61,-52,3kM4o8b6LAiLKwRPeJWBrmRjzYU=,m0o6B7XHACnNkhKulV6lBfkIC2Q=
52,-60,3kM4o8b6LAiLKwRPeJWBrmRjzYU=,m0o6B7XHACnNkhKulV6lBfkIC2Q=
59,-52,3kM4o8b6LAiLKwRPeJWBrmRjzYU=,m0o6B7XHACnNkhKulV6lBfkIC2Q=
58,-52,3kM4o8b6LAiLKwRPeJWBrmRjzYU=,m0o6B7XHACnNkhKulV6lBfkIC2Q=
60,-52,3kM4o8b6LAiLKwRPeJWBrmRjzYU=,m0o6B7XHACnNkhKulV6lBfkIC2Q=
52,-52,3kM4o8b6LAiLKwRPeJWBrmRjzYU=,m0o6B7XHACnNkhKulV6lBfkIC2Q=
56,-52,3kM4o8b6LAiLKwRPeJWBrmRjzYU=,m0o6B7XHACnNkhKulV6lBfkIC2Q=
54,-52,3kM4o8b6LAiLKwRPeJWBrmRjzYU=,m0o6B7XHACnNkhKulV6lBfkIC2Q=
53,-52,3kM4o8b6LAiLKwRPeJWBrmRjzYU=,m0o6B7XHACnNkhKulV6lBfkIC2Q=
53,-60,3kM4o8b6LAiLKwRPeJWBrmRjzYU=,m0o6B7XHACnNkhKulV6lBfkIC2Q=
57,-62,3kM4o8b6LAiLKwRPeJWBrmRjzYU=,m0o6B7XHACnNkhKulV6lBfkIC2Q=
51,-52,3kM4o8b6LAiLKwRPeJWBrmRjzYU=,m0o6B7XHACnNkhKulV6lBfkIC2Q=
55,-61,3kM4o8b6LAiLKwRPeJWBrmRjzYU=,m0o6B7XHACnNkhKulV6lBfkIC2Q=
50,-52,3kM4o8b6LAiLKwRPeJWBrmRjzYU=,m0o6B7XHACnNkhKulV6lBfkIC2Q=
49,-52,3kM4o8b6LAiLKwRPeJWBrmRjzYU=,m0o6B7XHACnNkhKulV6lBfkIC2Q=
62,-64,3kM4o8b6LAiLKwRPeJWBrmRjzYU=,m0o6B7XHACnNkhKulV6lBfkIC2Q=
48,-52,3kM4o8b6LAiLKwRPeJWBrmRjzYU=,m0o6B7XHACnNkhKulV6lBfkIC2Q=
63,-53,3kM4o8b6LAiLKwRPeJWBrmRjzYU=,m0o6B7XHACnNkhKulV6lBfkIC2Q=
54,-60,3kM4o8b6LAiLKwRPeJWBrmRjzYU=,m0o6B7XHACnNkhKulV6lBfkIC2Q=
55,-52,3kM4o8b6LAiLKwRPeJWBrmRjzYU=,m0o6B7XHACnNkhKulV6lBfkIC2Q=
62,-53,3kM4o8b6LAiLKwRPeJWBrmRjzYU=,m0o6B7XHACnNkhKulV6lBfkIC2Q=
61,-53,3kM4o8b6LAiLKwRPeJWBrmRjzYU=,m0o6B7XHACnNkhKulV6lBfkIC2Q=
59,-53,3kM4o8b6LAiLKwRPeJWBrmRjzYU=,m0o6B7XHACnNkhKulV6lBfkIC2Q=
60,-53,3kM4o8b6LAiLKwRPeJWBrmRjzYU=,m0o6B7XHACnNkhKulV6lBfkIC2Q=
56,-53,3kM4o8b6LAiLKwRPeJWBrmRjzYU=,m0o6B7XHACnNkhKulV6lBfkIC2Q=
57,-53,3kM4o8b6LAiLKwRPeJWBrmRjzYU=,m0o6B7XHACnNkhKulV6lBfkIC2Q=
58,-53,3kM4o8b6LAiLKwRPeJWBrmRjzYU=,m0o6B7XHACnNkhKulV6lBfkIC2Q=
55,-53,3kM4o8b6LAiLKwRPeJWBrmRjzYU=,m0o6B7XHACnNkhKulV6lBfkIC2Q=
54,-53,3kM4o8b6LAiLKwRPeJWBrmRjzYU=,m0o6B7XHACnNkhKulV6lBfkIC2Q=
60,-62,3kM4o8b6LAiLKwRPeJWBrmRjzYU=,m0o6B7XHACnNkhKulV6lBfkIC2Q=
52,-53,3kM4o8b6LAiLKwRPeJWBrmRjzYU=,m0o6B7XHACnNkhKulV6lBfkIC2Q=
61,-64,3kM4o8b6LAiLKwRPeJWBrmRjzYU=,m0o6B7XHACnNkhKulV6lBfkIC2Q=
51,-53,3kM4o8b6LAiLKwRPeJWBrmRjzYU=,m0o6B7XHACnNkhKulV6lBfkIC2Q=
58,-62,3kM4o8b6LAiLKwRPeJWBrmRjzYU=,m0o6B7XHACnNkhKulV6lBfkIC2Q=
50,-53,3kM4o8b6LAiLKwRPeJWBrmRjzYU=,m0o6B7XHACnNkhKulV6lBfkIC2Q=
59,-63,3kM4o8b6LAiLKwRPeJWBrmRjzYU=,m0o6B7XHACnNkhKulV6lBfkIC2Q=
49,-53,3kM4o8b6LAiLKwRPeJWBrmRjzYU=,m0o6B7XHACnNkhKulV6lBfkIC2Q=
48,-53,3kM4o8b6LAiLKwRPeJWBrmRjzYU=,m0o6B7XHACnNkhKulV6lBfkIC2Q=
54,-61,3kM4o8b6LAiLKwRPeJWBrmRjzYU=,m0o6B7XHACnNkhKulV6lBfkIC2Q=
63,-54,3kM4o8b6LAiLKwRPeJWBrmRjzYU=,m0o6B7XHACnNkhKulV6lBfkIC2Q=
58,-63,3kM4o8b6LAiLKwRPeJWBrmRjzYU=,m0o6B7XHACnNkhKulV6lBfkIC2Q=
62,-54,3kM4o8b6LAiLKwRPeJWBrmRjzYU=,m0o6B7XHACnNkhKulV6lBfkIC2Q=
56,-54,3kM4o8b6LAiLKwRPeJWBrmRjzYU=,m0o6B7XHACnNkhKulV6lBfkIC2Q=
60,-54,3kM4o8b6LAiLKwRPeJWBrmRjzYU=,m0o6B7XHACnNkhKulV6lBfkIC2Q=
55,-54,3kM4o8b6LAiLKwRPeJWBrmRjzYU=,m0o6B7XHACnNkhKulV6lBfkIC2Q=
57,-54,3kM4o8b6LAiLKwRPeJWBrmRjzYU=,m0o6B7XHACnNkhKulV6lBfkIC2Q=
58,-54,3kM4o8b6LAiLKwRPeJWBrmRjzYU=,m0o6B7XHACnNkhKulV6lBfkIC2Q=
59,-54,3kM4o8b6LAiLKwRPeJWBrmRjzYU=,m0o6B7XHACnNkhKulV6lBfkIC2Q=
54,-54,3kM4o8b6LAiLKwRPeJWBrmRjzYU=,m0o6B7XHACnNkhKulV6lBfkIC2Q=
49,-54,3kM4o8b6LAiLKwRPeJWBrmRjzYU=,m0o6B7XHACnNkhKulV6lBfkIC2Q=
61,-54,3kM4o8b6LAiLKwRPeJWBrmRjzYU=,m0o6B7XHACnNkhKulV6lBfkIC2Q=
48,-54,3kM4o8b6LAiLKwRPeJWBrmRjzYU=,m0o6B7XHACnNkhKulV6lBfkIC2Q=
52,-54,3kM4o8b6LAiLKwRPeJWBrmRjzYU=,m0o6B7XHACnNkhKulV6lBfkIC2Q=
51,-54,3kM4o8b6LAiLKwRPeJWBrmRjzYU=,m0o6B7XHACnNkhKulV6lBfkIC2Q=
56,-61,3kM4o8b6LAiLKwRPeJWBrmRjzYU=,m0o6B7XHACnNkhKulV6lBfkIC2Q=
50,-54,3kM4o8b6LAiLKwRPeJWBrmRjzYU=,m0o6B7XHACnNkhKulV6lBfkIC2Q=
53,-61,3kM4o8b6LAiLKwRPeJWBrmRjzYU=,m0o6B7XHACnNkhKulV6lBfkIC2Q=
63,-55,3kM4o8b6LAiLKwRPeJWBrmRjzYU=,m0o6B7XHACnNkhKulV6lBfkIC2Q=
62,-55,3kM4o8b6LAiLKwRPeJWBrmRjzYU=,m0o6B7XHACnNkhKulV6lBfkIC2Q=
60,-55,3kM4o8b6LAiLKwRPeJWBrmRjzYU=,m0o6B7XHACnNkhKulV6lBfkIC2Q=
59,-55,3kM4o8b6LAiLKwRPeJWBrmRjzYU=,m0o6B7XHACnNkhKulV6lBfkIC2Q=
61,-55,3kM4o8b6LAiLKwRPeJWBrmRjzYU=,m0o6B7XHACnNkhKulV6lBfkIC2Q=
53,-54,3kM4o8b6LAiLKwRPeJWBrmRjzYU=,m0o6B7XHACnNkhKulV6lBfkIC2Q=
56,-55,3kM4o8b6LAiLKwRPeJWBrmRjzYU=,m0o6B7XHACnNkhKulV6lBfkIC2Q=
58,-55,3kM4o8b6LAiLKwRPeJWBrmRjzYU=,m0o6B7XHACnNkhKulV6lBfkIC2Q=
55,-55,3kM4o8b6LAiLKwRPeJWBrmRjzYU=,m0o6B7XHACnNkhKulV6lBfkIC2Q=
57,-55,3kM4o8b6LAiLKwRPeJWBrmRjzYU=,m0o6B7XHACnNkhKulV6lBfkIC2Q=
54,-55,3kM4o8b6LAiLKwRPeJWBrmRjzYU=,m0o6B7XHACnNkhKulV6lBfkIC2Q=
53,-55,3kM4o8b6LAiLKwRPeJWBrmRjzYU=,m0o6B7XHACnNkhKulV6lBfkIC2Q=
52,-61,3kM4o8b6LAiLKwRPeJWBrmRjzYU=,m0o6B7XHACnNkhKulV6lBfkIC2Q=
48,-55,3kM4o8b6LAiLKwRPeJWBrmRjzYU=,m0o6B7XHACnNkhKulV6lBfkIC2Q=
52,-55,3kM4o8b6LAiLKwRPeJWBrmRjzYU=,m0o6B7XHACnNkhKulV6lBfkIC2Q=
57,-63,3kM4o8b6LAiLKwRPeJWBrmRjzYU=,m0o6B7XHACnNkhKulV6lBfkIC2Q=
51,-55,3kM4o8b6LAiLKwRPeJWBrmRjzYU=,m0o6B7XHACnNkhKulV6lBfkIC2Q=
50,-55,3kM4o8b6LAiLKwRPeJWBrmRjzYU=,m0o6B7XHACnNkhKulV6lBfkIC2Q=
63,-56,3kM4o8b6LAiLKwRPeJWBrmRjzYU=,m0o6B7XHACnNkhKulV6lBfkIC2Q=
59,-64,3kM4o8b6LAiLKwRPeJWBrmRjzYU=,m0o6B7XHACnNkhKulV6lBfkIC2Q=
63,-64,3kM4o8b6LAiLKwRPeJWBrmRjzYU=,m0o6B7XHACnNkhKulV6lBfkIC2Q=
62,-56,3kM4o8b6LAiLKwRPeJWBrmRjzYU=,m0o6B7XHACnNkhKulV6lBfkIC2Q=
56,-63,3kM4o8b6LAiLKwRPeJWBrmRjzYU=,m0o6B7XHACnNkhKulV6lBfkIC2Q=
51,-61,3kM4o8b6LAiLKwRPeJWBrmRjzYU=,m0o6B7XHACnNkhKulV6lBfkIC2Q=
49,-55,3kM4o8b6LAiLKwRPeJWBrmRjzYU=,m0o6B7XHACnNkhKulV6lBfkIC2Q=
58,-56,3kM4o8b6LAiLKwRPeJWBrmRjzYU=,m0o6B7XHACnNkhKulV6lBfkIC2Q=
59,-56,3kM4o8b6LAiLKwRPeJWBrmRjzYU=,m0o6B7XHACnNkhKulV6lBfkIC2Q=
55,-56,3kM4o8b6LAiLKwRPeJWBrmRjzYU=,m0o6B7XHACnNkhKulV6lBfkIC2Q=
56,-56,3kM4o8b6LAiLKwRPeJWBrmRjzYU=,m0o6B7XHACnNkhKulV6lBfkIC2Q=
52,-56,3kM4o8b6LAiLKwRPeJWBrmRjzYU=,m0o6B7XHACnNkhKulV6lBfkIC2Q=
54,-56,3kM4o8b6LAiLKwRPeJWBrmRjzYU=,m0o6B7XHACnNkhKulV6lBfkIC2Q=
53,-56,3kM4o8b6LAiLKwRPeJWBrmRjzYU=,m0o6B7XHACnNkhKulV6lBfkIC2Q=
48,-56,3kM4o8b6LAiLKwRPeJWBrmRjzYU=,m0o6B7XHACnNkhKulV6lBfkIC2Q=
58,-64,3kM4o8b6LAiLKwRPeJWBrmRjzYU=,m0o6B7XHACnNkhKulV6lBfkIC2Q=
57,-56,3kM4o8b6LAiLKwRPeJWBrmRjzYU=,m0o6B7XHACnNkhKulV6lBfkIC2Q=
49,-56,3kM4o8b6LAiLKwRPeJWBrmRjzYU=,m0o6B7XHACnNkhKulV6lBfkIC2Q=
51,-56,3kM4o8b6LAiLKwRPeJWBrmRjzYU=,m0o6B7XHACnNkhKulV6lBfkIC2Q=
50,-56,3kM4o8b6LAiLKwRPeJWBrmRjzYU=,m0o6B7XHACnNkhKulV6lBfkIC2Q=
61,-56,3kM4o8b6LAiLKwRPeJWBrmRjzYU=,m0o6B7XHACnNkhKulV6lBfkIC2Q=
62,-57,3kM4o8b6LAiLKwRPeJWBrmRjzYU=,m0o6B7XHACnNkhKulV6lBfkIC2Q=
60,-57,3kM4o8b6LAiLKwRPeJWBrmRjzYU=,m0o6B7XHACnNkhKulV6lBfkIC2Q=
50,-61,3kM4o8b6LAiLKwRPeJWBrmRjzYU=,m0o6B7XHACnNkhKulV6lBfkIC2Q=
61,-57,3kM4o8b6LAiLKwRPeJWBrmRjzYU=,m0o6B7XHACnNkhKulV6lBfkIC2Q=
59,-57,3kM4o8b6LAiLKwRPeJWBrmRjzYU=,m0o6B7XHACnNkhKulV6lBfkIC2Q=
63,-57,3kM4o8b6LAiLKwRPeJWBrmRjzYU=,m0o6B7XHACnNkhKulV6lBfkIC2Q=
58,-57,3kM4o8b6LAiLKwRPeJWBrmRjzYU=,m0o6B7XHACnNkhKulV6lBfkIC2Q=
55,-63,3kM4o8b6LAiLKwRPeJWBrmRjzYU=,m0o6B7XHACnNkhKulV6lBfkIC2Q=
52,-57,3kM4o8b6LAiLKwRPeJWBrmRjzYU=,m0o6B7XHACnNkhKulV6lBfkIC2Q=
51,-57,3kM4o8b6LAiLKwRPeJWBrmRjzYU=,m0o6B7XHACnNkhKulV6lBfkIC2Q=
53,-57,3kM4o8b6LAiLKwRPeJWBrmRjzYU=,m0o6B7XHACnNkhKulV6lBfkIC2Q=
57,-64,3kM4o8b6LAiLKwRPeJWBrmRjzYU=,m0o6B7XHACnNkhKulV6lBfkIC2Q=
48,-57,3kM4o8b6LAiLKwRPeJWBrmRjzYU=,m0o6B7XHACnNkhKulV6lBfkIC2Q=
54,-57,3kM4o8b6LAiLKwRPeJWBrmRjzYU=,m0o6B7XHACnNkhKulV6lBfkIC2Q=
50,-57,3kM4o8b6LAiLKwRPeJWBrmRjzYU=,m0o6B7XHACnNkhKulV6lBfkIC2Q=
49,-57,3kM4o8b6LAiLKwRPeJWBrmRjzYU=,m0o6B7XHACnNkhKulV6lBfkIC2Q=
55,-57,3kM4o8b6LAiLKwRPeJWBrmRjzYU=,m0o6B7XHACnNkhKulV6lBfkIC2Q=
56,-57,3kM4o8b6LAiLKwRPeJWBrmRjzYU=,m0o6B7XHACnNkhKulV6lBfkIC2Q=
57,-57,3kM4o8b6LAiLKwRPeJWBrmRjzYU=,m0o6B7XHACnNkhKulV6lBfkIC2Q=
59,-58,3kM4o8b6LAiLKwRPeJWBrmRjzYU=,m0o6B7XHACnNkhKulV6lBfkIC2Q=
49,-61,3kM4o8b6LAiLKwRPeJWBrmRjzYU=,m0o6B7XHACnNkhKulV6lBfkIC2Q=
54,-63,3kM4o8b6LAiLKwRPeJWBrmRjzYU=,m0o6B7XHACnNkhKulV6lBfkIC2Q=
62,-58,3kM4o8b6LAiLKwRPeJWBrmRjzYU=,m0o6B7XHACnNkhKulV6lBfkIC2Q=
63,-58,3kM4o8b6LAiLKwRPeJWBrmRjzYU=,m0o6B7XHACnNkhKulV6lBfkIC2Q=
61,-58,3kM4o8b6LAiLKwRPeJWBrmRjzYU=,m0o6B7XHACnNkhKulV6lBfkIC2Q=
58,-58,3kM4o8b6LAiLKwRPeJWBrmRjzYU=,m0o6B7XHACnNkhKulV6lBfkIC2Q=
55,-60,3kM4o8b6LAiLKwRPeJWBrmRjzYU=,m0o6B7XHACnNkhKulV6lBfkIC2Q=
53,-53,3kM4o8b6LAiLKwRPeJWBrmRjzYU=,m0o6B7XHACnNkhKulV6lBfkIC2Q=
55,-58,3kM4o8b6LAiLKwRPeJWBrmRjzYU=,m0o6B7XHACnNkhKulV6lBfkIC2Q=
54,-58,3kM4o8b6LAiLKwRPeJWBrmRjzYU=,m0o6B7XHACnNkhKulV6lBfkIC2Q=
57,-58,3kM4o8b6LAiLKwRPeJWBrmRjzYU=,m0o6B7XHACnNkhKulV6lBfkIC2Q=
51,-58,3kM4o8b6LAiLKwRPeJWBrmRjzYU=,m0o6B7XHACnNkhKulV6lBfkIC2Q=
48,-58,3kM4o8b6LAiLKwRPeJWBrmRjzYU=,m0o6B7XHACnNkhKulV6lBfkIC2Q=
60,-58,3kM4o8b6LAiLKwRPeJWBrmRjzYU=,m0o6B7XHACnNkhKulV6lBfkIC2Q=
50,-58,3kM4o8b6LAiLKwRPeJWBrmRjzYU=,m0o6B7XHACnNkhKulV6lBfkIC2Q=
60,-56,3kM4o8b6LAiLKwRPeJWBrmRjzYU=,m0o6B7XHACnNkhKulV6lBfkIC2Q=
49,-58,3kM4o8b6LAiLKwRPeJWBrmRjzYU=,m0o6B7XHACnNkhKulV6lBfkIC2Q=
61,-62,3kM4o8b6LAiLKwRPeJWBrmRjzYU=,m0o6B7XHACnNkhKulV6lBfkIC2Q=
56,-60,3kM4o8b6LAiLKwRPeJWBrmRjzYU=,m0o6B7XHACnNkhKulV6lBfkIC2Q=
53,-63,3kM4o8b6LAiLKwRPeJWBrmRjzYU=,m0o6B7XHACnNkhKulV6lBfkIC2Q=
52,-63,3kM4o8b6LAiLKwRPeJWBrmRjzYU=,m0o6B7XHACnNkhKulV6lBfkIC2Q=
48,-61,3kM4o8b6LAiLKwRPeJWBrmRjzYU=,m0o6B7XHACnNkhKulV6lBfkIC2Q=
60,-59,3kM4o8b6LAiLKwRPeJWBrmRjzYU=,m0o6B7XHACnNkhKulV6lBfkIC2Q=
62,-59,3kM4o8b6LAiLKwRPeJWBrmRjzYU=,m0o6B7XHACnNkhKulV6lBfkIC2Q=
61,-59,3kM4o8b6LAiLKwRPeJWBrmRjzYU=,m0o6B7XHACnNkhKulV6lBfkIC2Q=
59,-59,3kM4o8b6LAiLKwRPeJWBrmRjzYU=,m0o6B7XHACnNkhKulV6lBfkIC2Q=
63,-59,3kM4o8b6LAiLKwRPeJWBrmRjzYU=,m0o6B7XHACnNkhKulV6lBfkIC2Q=
55,-64,3kM4o8b6LAiLKwRPeJWBrmRjzYU=,m0o6B7XHACnNkhKulV6lBfkIC2Q=
57,-60,3kM4o8b6LAiLKwRPeJWBrmRjzYU=,m0o6B7XHACnNkhKulV6lBfkIC2Q=
52,-59,3kM4o8b6LAiLKwRPeJWBrmRjzYU=,m0o6B7XHACnNkhKulV6lBfkIC2Q=
58,-59,3kM4o8b6LAiLKwRPeJWBrmRjzYU=,m0o6B7XHACnNkhKulV6lBfkIC2Q=
51,-59,3kM4o8b6LAiLKwRPeJWBrmRjzYU=,m0o6B7XHACnNkhKulV6lBfkIC2Q=
56,-59,3kM4o8b6LAiLKwRPeJWBrmRjzYU=,m0o6B7XHACnNkhKulV6lBfkIC2Q=
51,-63,3kM4o8b6LAiLKwRPeJWBrmRjzYU=,m0o6B7XHACnNkhKulV6lBfkIC2Q=
48,-59,3kM4o8b6LAiLKwRPeJWBrmRjzYU=,m0o6B7XHACnNkhKulV6lBfkIC2Q=
55,-59,3kM4o8b6LAiLKwRPeJWBrmRjzYU=,m0o6B7XHACnNkhKulV6lBfkIC2Q=
50,-59,3kM4o8b6LAiLKwRPeJWBrmRjzYU=,m0o6B7XHACnNkhKulV6lBfkIC2Q=
53,-59,3kM4o8b6LAiLKwRPeJWBrmRjzYU=,m0o6B7XHACnNkhKulV6lBfkIC2Q=
57,-59,3kM4o8b6LAiLKwRPeJWBrmRjzYU=,m0o6B7XHACnNkhKulV6lBfkIC2Q=
54,-59,3kM4o8b6LAiLKwRPeJWBrmRjzYU=,m0o6B7XHACnNkhKulV6lBfkIC2Q=
49,-59,3kM4o8b6LAiLKwRPeJWBrmRjzYU=,m0o6B7XHACnNkhKulV6lBfkIC2Q=
58,-60,3kM4o8b6LAiLKwRPeJWBrmRjzYU=,m0o6B7XHACnNkhKulV6lBfkIC2Q=
60,-64,3kM4o8b6LAiLKwRPeJWBrmRjzYU=,m0o6B7XHACnNkhKulV6lBfkIC2Q=
56,-58,3kM4o8b6LAiLKwRPeJWBrmRjzYU=,m0o6B7XHACnNkhKulV6lBfkIC2Q=
61,-60,3kM4o8b6LAiLKwRPeJWBrmRjzYU=,m0o6B7XHACnNkhKulV6lBfkIC2Q=
63,-60,3kM4o8b6LAiLKwRPeJWBrmRjzYU=,m0o6B7XHACnNkhKulV6lBfkIC2Q=
59,-60,3kM4o8b6LAiLKwRPeJWBrmRjzYU=,m0o6B7XHACnNkhKulV6lBfkIC2Q=
54,-64,3kM4o8b6LAiLKwRPeJWBrmRjzYU=,m0o6B7XHACnNkhKulV6lBfkIC2Q=
62,-60,3kM4o8b6LAiLKwRPeJWBrmRjzYU=,m0o6B7XHACnNkhKulV6lBfkIC2Q=
52,-58,3kM4o8b6LAiLKwRPeJWBrmRjzYU=,m0o6B7XHACnNkhKulV6lBfkIC2Q=
63,-62,3kM4o8b6LAiLKwRPeJWBrmRjzYU=,m0o6B7XHACnNkhKulV6lBfkIC2Q=
56,-64,3kM4o8b6LAiLKwRPeJWBrmRjzYU=,m0o6B7XHACnNkhKulV6lBfkIC2Q=
53,-58,3kM4o8b6LAiLKwRPeJWBrmRjzYU=,m0o6B7XHACnNkhKulV6lBfkIC2Q=
60,-60,3kM4o8b6LAiLKwRPeJWBrmRjzYU=,m0o6B7XHACnNkhKulV6lBfkIC2Q=
35,-64,iVvnrHbV6rBdAGIvPUKaA8DBk0M=,G71+2qaYO/UOf8wLKsQ/WOzkWhs=
47,-63,iVvnrHbV6rBdAGIvPUKaA8DBk0M=,G71+2qaYO/UOf8wLKsQ/WOzkWhs=
43,-62,iVvnrHbV6rBdAGIvPUKaA8DBk0M=,G71+2qaYO/UOf8wLKsQ/WOzkWhs=
45,-62,iVvnrHbV6rBdAGIvPUKaA8DBk0M=,G71+2qaYO/UOf8wLKsQ/WOzkWhs=
44,-62,iVvnrHbV6rBdAGIvPUKaA8DBk0M=,G71+2qaYO/UOf8wLKsQ/WOzkWhs=
39,-62,iVvnrHbV6rBdAGIvPUKaA8DBk0M=,G71+2qaYO/UOf8wLKsQ/WOzkWhs=
44,-61,iVvnrHbV6rBdAGIvPUKaA8DBk0M=,G71+2qaYO/UOf8wLKsQ/WOzkWhs=
42,-62,iVvnrHbV6rBdAGIvPUKaA8DBk0M=,G71+2qaYO/UOf8wLKsQ/WOzkWhs=
40,-62,iVvnrHbV6rBdAGIvPUKaA8DBk0M=,G71+2qaYO/UOf8wLKsQ/WOzkWhs=
46,-62,iVvnrHbV6rBdAGIvPUKaA8DBk0M=,G71+2qaYO/UOf8wLKsQ/WOzkWhs=
38,-62,iVvnrHbV6rBdAGIvPUKaA8DBk0M=,G71+2qaYO/UOf8wLKsQ/WOzkWhs=
37,-62,iVvnrHbV6rBdAGIvPUKaA8DBk0M=,G71+2qaYO/UOf8wLKsQ/WOzkWhs=
36,-62,iVvnrHbV6rBdAGIvPUKaA8DBk0M=,G71+2qaYO/UOf8wLKsQ/WOzkWhs=
35,-62,iVvnrHbV6rBdAGIvPUKaA8DBk0M=,G71+2qaYO/UOf8wLKsQ/WOzkWhs=
41,-62,iVvnrHbV6rBdAGIvPUKaA8DBk0M=,G71+2qaYO/UOf8wLKsQ/WOzkWhs=
34,-62,iVvnrHbV6rBdAGIvPUKaA8DBk0M=,G71+2qaYO/UOf8wLKsQ/WOzkWhs=
36,-64,iVvnrHbV6rBdAGIvPUKaA8DBk0M=,G71+2qaYO/UOf8wLKsQ/WOzkWhs=
33,-62,iVvnrHbV6rBdAGIvPUKaA8DBk0M=,G71+2qaYO/UOf8wLKsQ/WOzkWhs=
45,-61,iVvnrHbV6rBdAGIvPUKaA8DBk0M=,G71+2qaYO/UOf8wLKsQ/WOzkWhs=
32,-62,iVvnrHbV6rBdAGIvPUKaA8DBk0M=,G71+2qaYO/UOf8wLKsQ/WOzkWhs=
43,-61,iVvnrHbV6rBdAGIvPUKaA8DBk0M=,G71+2qaYO/UOf8wLKsQ/WOzkWhs=
46,-61,iVvnrHbV6rBdAGIvPUKaA8DBk0M=,G71+2qaYO/UOf8wLKsQ/WOzkWhs=
44,-49,iVvnrHbV6rBdAGIvPUKaA8DBk0M=,G71+2qaYO/UOf8wLKsQ/WOzkWhs=
37,-64,iVvnrHbV6rBdAGIvPUKaA8DBk0M=,G71+2qaYO/UOf8wLKsQ/WOzkWhs=
34,-63,iVvnrHbV6rBdAGIvPUKaA8DBk0M=,G71+2qaYO/UOf8wLKsQ/WOzkWhs=
45,-49,iVvnrHbV6rBdAGIvPUKaA8DBk0M=,G71+2qaYO/UOf8wLKsQ/WOzkWhs=
43,-49,iVvnrHbV6rBdAGIvPUKaA8DBk0M=,G71+2qaYO/UOf8wLKsQ/WOzkWhs=
41,-49,iVvnrHbV6rBdAGIvPUKaA8DBk0M=,G71+2qaYO/UOf8wLKsQ/WOzkWhs=
47,-61,iVvnrHbV6rBdAGIvPUKaA8DBk0M=,G71+2qaYO/UOf8wLKsQ/WOzkWhs=
42,-49,iVvnrHbV6rBdAGIvPUKaA8DBk0M=,G71+2qaYO/UOf8wLKsQ/WOzkWhs=
32,-60,iVvnrHbV6rBdAGIvPUKaA8DBk0M=,G71+2qaYO/UOf8wLKsQ/WOzkWhs=
39,-49,iVvnrHbV6rBdAGIvPUKaA8DBk0M=,G71+2qaYO/UOf8wLKsQ/WOzkWhs=
38,-49,iVvnrHbV6rBdAGIvPUKaA8DBk0M=,G71+2qaYO/UOf8wLKsQ/WOzkWhs=
40,-49,iVvnrHbV6rBdAGIvPUKaA8DBk0M=,G71+2qaYO/UOf8wLKsQ/WOzkWhs=
33,-60,iVvnrHbV6rBdAGIvPUKaA8DBk0M=,G71+2qaYO/UOf8wLKsQ/WOzkWhs=
35,-49,iVvnrHbV6rBdAGIvPUKaA8DBk0M=,G71+2qaYO/UOf8wLKsQ/WOzkWhs=
34,-60,iVvnrHbV6rBdAGIvPUKaA8DBk0M=,G71+2qaYO/UOf8wLKsQ/WOzkWhs=
34,-49,iVvnrHbV6rBdAGIvPUKaA8DBk0M=,G71+2qaYO/UOf8wLKsQ/WOzkWhs=
36,-49,iVvnrHbV6rBdAGIvPUKaA8DBk0M=,G71+2qaYO/UOf8wLKsQ/WOzkWhs=
34,-64,iVvnrHbV6rBdAGIvPUKaA8DBk0M=,G71+2qaYO/UOf8wLKsQ/WOzkWhs=
37,-49,iVvnrHbV6rBdAGIvPUKaA8DBk0M=,G71+2qaYO/UOf8wLKsQ/WOzkWhs=
35,-60,iVvnrHbV6rBdAGIvPUKaA8DBk0M=,G71+2qaYO/UOf8wLKsQ/WOzkWhs=
42,-61,iVvnrHbV6rBdAGIvPUKaA8DBk0M=,G71+2qaYO/UOf8wLKsQ/WOzkWhs=
33,-49,iVvnrHbV6rBdAGIvPUKaA8DBk0M=,G71+2qaYO/UOf8wLKsQ/WOzkWhs=
32,-49,iVvnrHbV6rBdAGIvPUKaA8DBk0M=,G71+2qaYO/UOf8wLKsQ/WOzkWhs=
46,-63,iVvnrHbV6rBdAGIvPUKaA8DBk0M=,G71+2qaYO/UOf8wLKsQ/WOzkWhs=
36,-60,iVvnrHbV6rBdAGIvPUKaA8DBk0M=,G71+2qaYO/UOf8wLKsQ/WOzkWhs=
45,-50,iVvnrHbV6rBdAGIvPUKaA8DBk0M=,G71+2qaYO/UOf8wLKsQ/WOzkWhs=
37,-60,iVvnrHbV6rBdAGIvPUKaA8DBk0M=,G71+2qaYO/UOf8wLKsQ/WOzkWhs=
43,-50,iVvnrHbV6rBdAGIvPUKaA8DBk0M=,G71+2qaYO/UOf8wLKsQ/WOzkWhs=
44,-50,iVvnrHbV6rBdAGIvPUKaA8DBk0M=,G71+2qaYO/UOf8wLKsQ/WOzkWhs=
38,-60,iVvnrHbV6rBdAGIvPUKaA8DBk0M=,G71+2qaYO/UOf8wLKsQ/WOzkWhs=
41,-50,iVvnrHbV6rBdAGIvPUKaA8DBk0M=,G71+2qaYO/UOf8wLKsQ/WOzkWhs=
40,-50,iVvnrHbV6rBdAGIvPUKaA8DBk0M=,G71+2qaYO/UOf8wLKsQ/WOzkWhs=
39,-50,iVvnrHbV6rBdAGIvPUKaA8DBk0M=,G71+2qaYO/UOf8wLKsQ/WOzkWhs=
39,-60,iVvnrHbV6rBdAGIvPUKaA8DBk0M=,G71+2qaYO/UOf8wLKsQ/WOzkWhs=
38,-50,iVvnrHbV6rBdAGIvPUKaA8DBk0M=,G71+2qaYO/UOf8wLKsQ/WOzkWhs=
37,-50,iVvnrHbV6rBdAGIvPUKaA8DBk0M=,G71+2qaYO/UOf8wLKsQ/WOzkWhs=
42,-50,iVvnrHbV6rBdAGIvPUKaA8DBk0M=,G71+2qaYO/UOf8wLKsQ/WOzkWhs=
40,-60,iVvnrHbV6rBdAGIvPUKaA8DBk0M=,G71+2qaYO/UOf8wLKsQ/WOzkWhs=
36,-50,iVvnrHbV6rBdAGIvPUKaA8DBk0M=,G71+2qaYO/UOf8wLKsQ/WOzkWhs=
35,-50,iVvnrHbV6rBdAGIvPUKaA8DBk0M=,G71+2qaYO/UOf8wLKsQ/WOzkWhs=
34,-50,iVvnrHbV6rBdAGIvPUKaA8DBk0M=,G71+2qaYO/UOf8wLKsQ/WOzkWhs=
41,-60,iVvnrHbV6rBdAGIvPUKaA8DBk0M=,G71+2qaYO/UOf8wLKsQ/WOzkWhs=
33,-63,iVvnrHbV6rBdAGIvPUKaA8DBk0M=,G71+2qaYO/UOf8wLKsQ/WOzkWhs=
41,-61,iVvnrHbV6rBdAGIvPUKaA8DBk0M=,G71+2qaYO/UOf8wLKsQ/WOzkWhs=
33,-50,iVvnrHbV6rBdAGIvPUKaA8DBk0M=,G71+2qaYO/UOf8wLKsQ/WOzkWhs=
32,-63,iVvnrHbV6rBdAGIvPUKaA8DBk0M=,G71+2qaYO/UOf8wLKsQ/WOzkWhs=
42,-60,iVvnrHbV6rBdAGIvPUKaA8DBk0M=,G71+2qaYO/UOf8wLKsQ/WOzkWhs=
33,-64,iVvnrHbV6rBdAGIvPUKaA8DBk0M=,G71+2qaYO/UOf8wLKsQ/WOzkWhs=
32,-50,iVvnrHbV6rBdAGIvPUKaA8DBk0M=,G71+2qaYO/UOf8wLKsQ/WOzkWhs=
43,-60,iVvnrHbV6rBdAGIvPUKaA8DBk0M=,G71+2qaYO/UOf8wLKsQ/WOzkWhs=
45,-51,iVvnrHbV6rBdAGIvPUKaA8DBk0M=,G71+2qaYO/UOf8wLKsQ/WOzkWhs=
47,-62,iVvnrHbV6rBdAGIvPUKaA8DBk0M=,G71+2qaYO/UOf8wLKsQ/WOzkWhs=
44,-51,iVvnrHbV6rBdAGIvPUKaA8DBk0M=,G71+2qaYO/UOf8wLKsQ/WOzkWhs=
43,-51,iVvnrHbV6rBdAGIvPUKaA8DBk0M=,G71+2qaYO/UOf8wLKsQ/WOzkWhs=
42,-51,iVvnrHbV6rBdAGIvPUKaA8DBk0M=,G71+2qaYO/UOf8wLKsQ/WOzkWhs=
38,-64,iVvnrHbV6rBdAGIvPUKaA8DBk0M=,G71+2qaYO/UOf8wLKsQ/WOzkWhs=
40,-51,iVvnrHbV6rBdAGIvPUKaA8DBk0M=,G71+2qaYO/UOf8wLKsQ/WOzkWhs=
41,-51,iVvnrHbV6rBdAGIvPUKaA8DBk0M=,G71+2qaYO/UOf8wLKsQ/WOzkWhs=
44,-60,iVvnrHbV6rBdAGIvPUKaA8DBk0M=,G71+2qaYO/UOf8wLKsQ/WOzkWhs=
38,-51,iVvnrHbV6rBdAGIvPUKaA8DBk0M=,G71+2qaYO/UOf8wLKsQ/WOzkWhs=
39,-51,iVvnrHbV6rBdAGIvPUKaA8DBk0M=,G71+2qaYO/UOf8wLKsQ/WOzkWhs=
45,-60,iVvnrHbV6rBdAGIvPUKaA8DBk0M=,G71+2qaYO/UOf8wLKsQ/WOzkWhs=
36,-51,iVvnrHbV6rBdAGIvPUKaA8DBk0M=,G71+2qaYO/UOf8wLKsQ/WOzkWhs=
37,-51,iVvnrHbV6rBdAGIvPUKaA8DBk0M=,G71+2qaYO/UOf8wLKsQ/WOzkWhs=
46,-60,iVvnrHbV6rBdAGIvPUKaA8DBk0M=,G71+2qaYO/UOf8wLKsQ/WOzkWhs=
47,-64,iVvnrHbV6rBdAGIvPUKaA8DBk0M=,G71+2qaYO/UOf8wLKsQ/WOzkWhs=
35,-51,iVvnrHbV6rBdAGIvPUKaA8DBk0M=,G71+2qaYO/UOf8wLKsQ/WOzkWhs=
47,-60,iVvnrHbV6rBdAGIvPUKaA8DBk0M=,G71+2qaYO/UOf8wLKsQ/WOzkWhs=
40,-61,iVvnrHbV6rBdAGIvPUKaA8DBk0M=,G71+2qaYO/UOf8wLKsQ/WOzkWhs=
45,-63,iVvnrHbV6rBdAGIvPUKaA8DBk0M=,G71+2qaYO/UOf8wLKsQ/WOzkWhs=
32,-59,iVvnrHbV6rBdAGIvPUKaA8DBk0M=,G71+2qaYO/UOf8wLKsQ/WOzkWhs=
34,-51,iVvnrHbV6rBdAGIvPUKaA8DBk0M=,G71+2qaYO/UOf8wLKsQ/WOzkWhs=
33,-51,iVvnrHbV6rBdAGIvPUKaA8DBk0M=,G71+2qaYO/UOf8wLKsQ/WOzkWhs=
35,-63,iVvnrHbV6rBdAGIvPUKaA8DBk0M=,G71+2qaYO/UOf8wLKsQ/WOzkWhs=
32,-51,iVvnrHbV6rBdAGIvPUKaA8DBk0M=,G71+2qaYO/UOf8wLKsQ/WOzkWhs=
32,-64,iVvnrHbV6rBdAGIvPUKaA8DBk0M=,G71+2qaYO/UOf8wLKsQ/WOzkWhs=
33,-59,iVvnrHbV6rBdAGIvPUKaA8DBk0M=,G71+2qaYO/UOf8wLKsQ/WOzkWhs=
34,-59,iVvnrHbV6rBdAGIvPUKaA8DBk0M=,G71+2qaYO/UOf8wLKsQ/WOzkWhs=
44,-63,iVvnrHbV6rBdAGIvPUKaA8DBk0M=,G71+2qaYO/UOf8wLKsQ/WOzkWhs=
35,-59,iVvnrHbV6rBdAGIvPUKaA8DBk0M=,G71+2qaYO/UOf8wLKsQ/WOzkWhs=
36,-59,iVvnrHbV6rBdAGIvPUKaA8DBk0M=,G71+2qaYO/UOf8wLKsQ/WOzkWhs=
38,-59,iVvnrHbV6rBdAGIvPUKaA8DBk0M=,G71+2qaYO/UOf8wLKsQ/WOzkWhs=
37,-59,iVvnrHbV6rBdAGIvPUKaA8DBk0M=,G71+2qaYO/UOf8wLKsQ/WOzkWhs=
40,-59,iVvnrHbV6rBdAGIvPUKaA8DBk0M=,G71+2qaYO/UOf8wLKsQ/WOzkWhs=
39,-59,iVvnrHbV6rBdAGIvPUKaA8DBk0M=,G71+2qaYO/UOf8wLKsQ/WOzkWhs=
41,-59,iVvnrHbV6rBdAGIvPUKaA8DBk0M=,G71+2qaYO/UOf8wLKsQ/WOzkWhs=
42,-59,iVvnrHbV6rBdAGIvPUKaA8DBk0M=,G71+2qaYO/UOf8wLKsQ/WOzkWhs=
36,-63,iVvnrHbV6rBdAGIvPUKaA8DBk0M=,G71+2qaYO/UOf8wLKsQ/WOzkWhs=
32,-61,iVvnrHbV6rBdAGIvPUKaA8DBk0M=,G71+2qaYO/UOf8wLKsQ/WOzkWhs=
39,-64,iVvnrHbV6rBdAGIvPUKaA8DBk0M=,G71+2qaYO/UOf8wLKsQ/WOzkWhs=
44,-59,iVvnrHbV6rBdAGIvPUKaA8DBk0M=,G71+2qaYO/UOf8wLKsQ/WOzkWhs=
43,-59,iVvnrHbV6rBdAGIvPUKaA8DBk0M=,G71+2qaYO/UOf8wLKsQ/WOzkWhs=
45,-59,iVvnrHbV6rBdAGIvPUKaA8DBk0M=,G71+2qaYO/UOf8wLKsQ/WOzkWhs=
46,-59,iVvnrHbV6rBdAGIvPUKaA8DBk0M=,G71+2qaYO/UOf8wLKsQ/WOzkWhs=
47,-59,iVvnrHbV6rBdAGIvPUKaA8DBk0M=,G71+2qaYO/UOf8wLKsQ/WOzkWhs=
37,-63,iVvnrHbV6rBdAGIvPUKaA8DBk0M=,G71+2qaYO/UOf8wLKsQ/WOzkWhs=
32,-58,iVvnrHbV6rBdAGIvPUKaA8DBk0M=,G71+2qaYO/UOf8wLKsQ/WOzkWhs=
33,-58,iVvnrHbV6rBdAGIvPUKaA8DBk0M=,G71+2qaYO/UOf8wLKsQ/WOzkWhs=
34,-58,iVvnrHbV6rBdAGIvPUKaA8DBk0M=,G71+2qaYO/UOf8wLKsQ/WOzkWhs=
35,-58,iVvnrHbV6rBdAGIvPUKaA8DBk0M=,G71+2qaYO/UOf8wLKsQ/WOzkWhs=
36,-58,iVvnrHbV6rBdAGIvPUKaA8DBk0M=,G71+2qaYO/UOf8wLKsQ/WOzkWhs=
37,-58,iVvnrHbV6rBdAGIvPUKaA8DBk0M=,G71+2qaYO/UOf8wLKsQ/WOzkWhs=
38,-58,iVvnrHbV6rBdAGIvPUKaA8DBk0M=,G71+2qaYO/UOf8wLKsQ/WOzkWhs=
39,-58,iVvnrHbV6rBdAGIvPUKaA8DBk0M=,G71+2qaYO/UOf8wLKsQ/WOzkWhs=
40,-58,iVvnrHbV6rBdAGIvPUKaA8DBk0M=,G71+2qaYO/UOf8wLKsQ/WOzkWhs=
41,-58,iVvnrHbV6rBdAGIvPUKaA8DBk0M=,G71+2qaYO/UOf8wLKsQ/WOzkWhs=
33,-61,iVvnrHbV6rBdAGIvPUKaA8DBk0M=,G71+2qaYO/UOf8wLKsQ/WOzkWhs=
40,-64,iVvnrHbV6rBdAGIvPUKaA8DBk0M=,G71+2qaYO/UOf8wLKsQ/WOzkWhs=
42,-58,iVvnrHbV6rBdAGIvPUKaA8DBk0M=,G71+2qaYO/UOf8wLKsQ/WOzkWhs=
43,-58,iVvnrHbV6rBdAGIvPUKaA8DBk0M=,G71+2qaYO/UOf8wLKsQ/WOzkWhs=
44,-58,iVvnrHbV6rBdAGIvPUKaA8DBk0M=,G71+2qaYO/UOf8wLKsQ/WOzkWhs=
45,-58,iVvnrHbV6rBdAGIvPUKaA8DBk0M=,G71+2qaYO/UOf8wLKsQ/WOzkWhs=
46,-58,iVvnrHbV6rBdAGIvPUKaA8DBk0M=,G71+2qaYO/UOf8wLKsQ/WOzkWhs=
47,-58,iVvnrHbV6rBdAGIvPUKaA8DBk0M=,G71+2qaYO/UOf8wLKsQ/WOzkWhs=
38,-63,iVvnrHbV6rBdAGIvPUKaA8DBk0M=,G71+2qaYO/UOf8wLKsQ/WOzkWhs=
33,-57,iVvnrHbV6rBdAGIvPUKaA8DBk0M=,G71+2qaYO/UOf8wLKsQ/WOzkWhs=
32,-57,iVvnrHbV6rBdAGIvPUKaA8DBk0M=,G71+2qaYO/UOf8wLKsQ/WOzkWhs=
34,-57,iVvnrHbV6rBdAGIvPUKaA8DBk0M=,G71+2qaYO/UOf8wLKsQ/WOzkWhs=
35,-57,iVvnrHbV6rBdAGIvPUKaA8DBk0M=,G71+2qaYO/UOf8wLKsQ/WOzkWhs=
36,-57,iVvnrHbV6rBdAGIvPUKaA8DBk0M=,G71+2qaYO/UOf8wLKsQ/WOzkWhs=
37,-57,iVvnrHbV6rBdAGIvPUKaA8DBk0M=,G71+2qaYO/UOf8wLKsQ/WOzkWhs=
38,-57,iVvnrHbV6rBdAGIvPUKaA8DBk0M=,G71+2qaYO/UOf8wLKsQ/WOzkWhs=
39,-57,iVvnrHbV6rBdAGIvPUKaA8DBk0M=,G71+2qaYO/UOf8wLKsQ/WOzkWhs=
40,-57,iVvnrHbV6rBdAGIvPUKaA8DBk0M=,G71+2qaYO/UOf8wLKsQ/WOzkWhs=
41,-64,iVvnrHbV6rBdAGIvPUKaA8DBk0M=,G71+2qaYO/UOf8wLKsQ/WOzkWhs=
34,-61,iVvnrHbV6rBdAGIvPUKaA8DBk0M=,G71+2qaYO/UOf8wLKsQ/WOzkWhs=
41,-57,iVvnrHbV6rBdAGIvPUKaA8DBk0M=,G71+2qaYO/UOf8wLKsQ/WOzkWhs=
42,-57,iVvnrHbV6rBdAGIvPUKaA8DBk0M=,G71+2qaYO/UOf8wLKsQ/WOzkWhs=
43,-57,iVvnrHbV6rBdAGIvPUKaA8DBk0M=,G71+2qaYO/UOf8wLKsQ/WOzkWhs=
44,-57,iVvnrHbV6rBdAGIvPUKaA8DBk0M=,G71+2qaYO/UOf8wLKsQ/WOzkWhs=
45,-57,iVvnrHbV6rBdAGIvPUKaA8DBk0M=,G71+2qaYO/UOf8wLKsQ/WOzkWhs=
46,-57,iVvnrHbV6rBdAGIvPUKaA8DBk0M=,G71+2qaYO/UOf8wLKsQ/WOzkWhs=
47,-57,iVvnrHbV6rBdAGIvPUKaA8DBk0M=,G71+2qaYO/UOf8wLKsQ/WOzkWhs=
39,-63,iVvnrHbV6rBdAGIvPUKaA8DBk0M=,G71+2qaYO/UOf8wLKsQ/WOzkWhs=
32,-56,iVvnrHbV6rBdAGIvPUKaA8DBk0M=,G71+2qaYO/UOf8wLKsQ/WOzkWhs=
33,-56,iVvnrHbV6rBdAGIvPUKaA8DBk0M=,G71+2qaYO/UOf8wLKsQ/WOzkWhs=
34,-56,iVvnrHbV6rBdAGIvPUKaA8DBk0M=,G71+2qaYO/UOf8wLKsQ/WOzkWhs=
35,-56,iVvnrHbV6rBdAGIvPUKaA8DBk0M=,G71+2qaYO/UOf8wLKsQ/WOzkWhs=
36,-56,iVvnrHbV6rBdAGIvPUKaA8DBk0M=,G71+2qaYO/UOf8wLKsQ/WOzkWhs=
37,-56,iVvnrHbV6rBdAGIvPUKaA8DBk0M=,G71+2qaYO/UOf8wLKsQ/WOzkWhs=
38,-56,iVvnrHbV6rBdAGIvPUKaA8DBk0M=,G71+2qaYO/UOf8wLKsQ/WOzkWhs=
39,-56,iVvnrHbV6rBdAGIvPUKaA8DBk0M=,G71+2qaYO/UOf8wLKsQ/WOzkWhs=
42,-64,iVvnrHbV6rBdAGIvPUKaA8DBk0M=,G71+2qaYO/UOf8wLKsQ/WOzkWhs=
35,-61,iVvnrHbV6rBdAGIvPUKaA8DBk0M=,G71+2qaYO/UOf8wLKsQ/WOzkWhs=
40,-56,iVvnrHbV6rBdAGIvPUKaA8DBk0M=,G71+2qaYO/UOf8wLKsQ/WOzkWhs=
41,-56,iVvnrHbV6rBdAGIvPUKaA8DBk0M=,G71+2qaYO/UOf8wLKsQ/WOzkWhs=
46,-49,iVvnrHbV6rBdAGIvPUKaA8DBk0M=,G71+2qaYO/UOf8wLKsQ/WOzkWhs=
42,-56,iVvnrHbV6rBdAGIvPUKaA8DBk0M=,G71+2qaYO/UOf8wLKsQ/WOzkWhs=
43,-56,iVvnrHbV6rBdAGIvPUKaA8DBk0M=,G71+2qaYO/UOf8wLKsQ/WOzkWhs=
44,-56,iVvnrHbV6rBdAGIvPUKaA8DBk0M=,G71+2qaYO/UOf8wLKsQ/WOzkWhs=
45,-52,iVvnrHbV6rBdAGIvPUKaA8DBk0M=,G71+2qaYO/UOf8wLKsQ/WOzkWhs=
45,-56,iVvnrHbV6rBdAGIvPUKaA8DBk0M=,G71+2qaYO/UOf8wLKsQ/WOzkWhs=
46,-56,iVvnrHbV6rBdAGIvPUKaA8DBk0M=,G71+2qaYO/UOf8wLKsQ/WOzkWhs=
44,-52,iVvnrHbV6rBdAGIvPUKaA8DBk0M=,G71+2qaYO/UOf8wLKsQ/WOzkWhs=
43,-52,iVvnrHbV6rBdAGIvPUKaA8DBk0M=,G71+2qaYO/UOf8wLKsQ/WOzkWhs=
47,-56,iVvnrHbV6rBdAGIvPUKaA8DBk0M=,G71+2qaYO/UOf8wLKsQ/WOzkWhs=
42,-52,iVvnrHbV6rBdAGIvPUKaA8DBk0M=,G71+2qaYO/UOf8wLKsQ/WOzkWhs=
40,-63,iVvnrHbV6rBdAGIvPUKaA8DBk0M=,G71+2qaYO/UOf8wLKsQ/WOzkWhs=
41,-52,iVvnrHbV6rBdAGIvPUKaA8DBk0M=,G71+2qaYO/UOf8wLKsQ/WOzkWhs=
32,-55,iVvnrHbV6rBdAGIvPUKaA8DBk0M=,G71+2qaYO/UOf8wLKsQ/WOzkWhs=
40,-52,iVvnrHbV6rBdAGIvPUKaA8DBk0M=,G71+2qaYO/UOf8wLKsQ/WOzkWhs=
33,-55,iVvnrHbV6rBdAGIvPUKaA8DBk0M=,G71+2qaYO/UOf8wLKsQ/WOzkWhs=
39,-52,iVvnrHbV6rBdAGIvPUKaA8DBk0M=,G71+2qaYO/UOf8wLKsQ/WOzkWhs=
34,-55,iVvnrHbV6rBdAGIvPUKaA8DBk0M=,G71+2qaYO/UOf8wLKsQ/WOzkWhs=
38,-52,iVvnrHbV6rBdAGIvPUKaA8DBk0M=,G71+2qaYO/UOf8wLKsQ/WOzkWhs=
35,-55,iVvnrHbV6rBdAGIvPUKaA8DBk0M=,G71+2qaYO/UOf8wLKsQ/WOzkWhs=
37,-52,iVvnrHbV6rBdAGIvPUKaA8DBk0M=,G71+2qaYO/UOf8wLKsQ/WOzkWhs=
36,-52,iVvnrHbV6rBdAGIvPUKaA8DBk0M=,G71+2qaYO/UOf8wLKsQ/WOzkWhs=
36,-55,iVvnrHbV6rBdAGIvPUKaA8DBk0M=,G71+2qaYO/UOf8wLKsQ/WOzkWhs=
37,-55,iVvnrHbV6rBdAGIvPUKaA8DBk0M=,G71+2qaYO/UOf8wLKsQ/WOzkWhs=
46,-52,iVvnrHbV6rBdAGIvPUKaA8DBk0M=,G71+2qaYO/UOf8wLKsQ/WOzkWhs=
46,-64,iVvnrHbV6rBdAGIvPUKaA8DBk0M=,G71+2qaYO/UOf8wLKsQ/WOzkWhs=
38,-55,iVvnrHbV6rBdAGIvPUKaA8DBk0M=,G71+2qaYO/UOf8wLKsQ/WOzkWhs=
39,-61,iVvnrHbV6rBdAGIvPUKaA8DBk0M=,G71+2qaYO/UOf8wLKsQ/WOzkWhs=
35,-52,iVvnrHbV6rBdAGIvPUKaA8DBk0M=,G71+2qaYO/UOf8wLKsQ/WOzkWhs=
36,-61,iVvnrHbV6rBdAGIvPUKaA8DBk0M=,G71+2qaYO/UOf8wLKsQ/WOzkWhs=
34,-52,iVvnrHbV6rBdAGIvPUKaA8DBk0M=,G71+2qaYO/UOf8wLKsQ/WOzkWhs=
33,-52,iVvnrHbV6rBdAGIvPUKaA8DBk0M=,G71+2qaYO/UOf8wLKsQ/WOzkWhs=
43,-64,iVvnrHbV6rBdAGIvPUKaA8DBk0M=,G71+2qaYO/UOf8wLKsQ/WOzkWhs=
32,-52,iVvnrHbV6rBdAGIvPUKaA8DBk0M=,G71+2qaYO/UOf8wLKsQ/WOzkWhs=
39,-55,iVvnrHbV6rBdAGIvPUKaA8DBk0M=,G71+2qaYO/UOf8wLKsQ/WOzkWhs=
43,-63,iVvnrHbV6rBdAGIvPUKaA8DBk0M=,G71+2qaYO/UOf8wLKsQ/WOzkWhs=
40,-55,iVvnrHbV6rBdAGIvPUKaA8DBk0M=,G71+2qaYO/UOf8wLKsQ/WOzkWhs=
41,-55,iVvnrHbV6rBdAGIvPUKaA8DBk0M=,G71+2qaYO/UOf8wLKsQ/WOzkWhs=
42,-55,iVvnrHbV6rBdAGIvPUKaA8DBk0M=,G71+2qaYO/UOf8wLKsQ/WOzkWhs=
43,-55,iVvnrHbV6rBdAGIvPUKaA8DBk0M=,G71+2qaYO/UOf8wLKsQ/WOzkWhs=
44,-55,iVvnrHbV6rBdAGIvPUKaA8DBk0M=,G71+2qaYO/UOf8wLKsQ/WOzkWhs=
45,-55,iVvnrHbV6rBdAGIvPUKaA8DBk0M=,G71+2qaYO/UOf8wLKsQ/WOzkWhs=
46,-55,iVvnrHbV6rBdAGIvPUKaA8DBk0M=,G71+2qaYO/UOf8wLKsQ/WOzkWhs=
47,-55,iVvnrHbV6rBdAGIvPUKaA8DBk0M=,G71+2qaYO/UOf8wLKsQ/WOzkWhs=
46,-50,iVvnrHbV6rBdAGIvPUKaA8DBk0M=,G71+2qaYO/UOf8wLKsQ/WOzkWhs=
41,-63,iVvnrHbV6rBdAGIvPUKaA8DBk0M=,G71+2qaYO/UOf8wLKsQ/WOzkWhs=
32,-54,iVvnrHbV6rBdAGIvPUKaA8DBk0M=,G71+2qaYO/UOf8wLKsQ/WOzkWhs=
45,-53,iVvnrHbV6rBdAGIvPUKaA8DBk0M=,G71+2qaYO/UOf8wLKsQ/WOzkWhs=
33,-54,iVvnrHbV6rBdAGIvPUKaA8DBk0M=,G71+2qaYO/UOf8wLKsQ/WOzkWhs=
44,-53,iVvnrHbV6rBdAGIvPUKaA8DBk0M=,G71+2qaYO/UOf8wLKsQ/WOzkWhs=
35,-54,iVvnrHbV6rBdAGIvPUKaA8DBk0M=,G71+2qaYO/UOf8wLKsQ/WOzkWhs=
34,-54,iVvnrHbV6rBdAGIvPUKaA8DBk0M=,G71+2qaYO/UOf8wLKsQ/WOzkWhs=
36,-54,iVvnrHbV6rBdAGIvPUKaA8DBk0M=,G71+2qaYO/UOf8wLKsQ/WOzkWhs=
43,-53,iVvnrHbV6rBdAGIvPUKaA8DBk0M=,G71+2qaYO/UOf8wLKsQ/WOzkWhs=
42,-53,iVvnrHbV6rBdAGIvPUKaA8DBk0M=,G71+2qaYO/UOf8wLKsQ/WOzkWhs=
37,-54,iVvnrHbV6rBdAGIvPUKaA8DBk0M=,G71+2qaYO/UOf8wLKsQ/WOzkWhs=
46,-51,iVvnrHbV6rBdAGIvPUKaA8DBk0M=,G71+2qaYO/UOf8wLKsQ/WOzkWhs=
41,-53,iVvnrHbV6rBdAGIvPUKaA8DBk0M=,G71+2qaYO/UOf8wLKsQ/WOzkWhs=
37,-61,iVvnrHbV6rBdAGIvPUKaA8DBk0M=,G71+2qaYO/UOf8wLKsQ/WOzkWhs=
40,-53,iVvnrHbV6rBdAGIvPUKaA8DBk0M=,G71+2qaYO/UOf8wLKsQ/WOzkWhs=
39,-53,iVvnrHbV6rBdAGIvPUKaA8DBk0M=,G71+2qaYO/UOf8wLKsQ/WOzkWhs=
44,-64,iVvnrHbV6rBdAGIvPUKaA8DBk0M=,G71+2qaYO/UOf8wLKsQ/WOzkWhs=
38,-53,iVvnrHbV6rBdAGIvPUKaA8DBk0M=,G71+2qaYO/UOf8wLKsQ/WOzkWhs=
37,-53,iVvnrHbV6rBdAGIvPUKaA8DBk0M=,G71+2qaYO/UOf8wLKsQ/WOzkWhs=
38,-54,iVvnrHbV6rBdAGIvPUKaA8DBk0M=,G71+2qaYO/UOf8wLKsQ/WOzkWhs=
45,-64,iVvnrHbV6rBdAGIvPUKaA8DBk0M=,G71+2qaYO/UOf8wLKsQ/WOzkWhs=
38,-61,iVvnrHbV6rBdAGIvPUKaA8DBk0M=,G71+2qaYO/UOf8wLKsQ/WOzkWhs=
39,-54,iVvnrHbV6rBdAGIvPUKaA8DBk0M=,G71+2qaYO/UOf8wLKsQ/WOzkWhs=
35,-53,iVvnrHbV6rBdAGIvPUKaA8DBk0M=,G71+2qaYO/UOf8wLKsQ/WOzkWhs=
40,-54,iVvnrHbV6rBdAGIvPUKaA8DBk0M=,G71+2qaYO/UOf8wLKsQ/WOzkWhs=
36,-53,iVvnrHbV6rBdAGIvPUKaA8DBk0M=,G71+2qaYO/UOf8wLKsQ/WOzkWhs=
34,-53,iVvnrHbV6rBdAGIvPUKaA8DBk0M=,G71+2qaYO/UOf8wLKsQ/WOzkWhs=
41,-54,iVvnrHbV6rBdAGIvPUKaA8DBk0M=,G71+2qaYO/UOf8wLKsQ/WOzkWhs=
33,-53,iVvnrHbV6rBdAGIvPUKaA8DBk0M=,G71+2qaYO/UOf8wLKsQ/WOzkWhs=
42,-54,iVvnrHbV6rBdAGIvPUKaA8DBk0M=,G71+2qaYO/UOf8wLKsQ/WOzkWhs=
42,-63,iVvnrHbV6rBdAGIvPUKaA8DBk0M=,G71+2qaYO/UOf8wLKsQ/WOzkWhs=
32,-53,iVvnrHbV6rBdAGIvPUKaA8DBk0M=,G71+2qaYO/UOf8wLKsQ/WOzkWhs=
43,-54,iVvnrHbV6rBdAGIvPUKaA8DBk0M=,G71+2qaYO/UOf8wLKsQ/WOzkWhs=
46,-54,iVvnrHbV6rBdAGIvPUKaA8DBk0M=,G71+2qaYO/UOf8wLKsQ/WOzkWhs=
47,-54,iVvnrHbV6rBdAGIvPUKaA8DBk0M=,G71+2qaYO/UOf8wLKsQ/WOzkWhs=
44,-54,iVvnrHbV6rBdAGIvPUKaA8DBk0M=,G71+2qaYO/UOf8wLKsQ/WOzkWhs=
45,-54,iVvnrHbV6rBdAGIvPUKaA8DBk0M=,G71+2qaYO/UOf8wLKsQ/WOzkWhs=
46,-53,iVvnrHbV6rBdAGIvPUKaA8DBk0M=,G71+2qaYO/UOf8wLKsQ/WOzkWhs=
47,-50,iVvnrHbV6rBdAGIvPUKaA8DBk0M=,G71+2qaYO/UOf8wLKsQ/WOzkWhs=
47,-52,iVvnrHbV6rBdAGIvPUKaA8DBk0M=,G71+2qaYO/UOf8wLKsQ/WOzkWhs=
47,-51,iVvnrHbV6rBdAGIvPUKaA8DBk0M=,G71+2qaYO/UOf8wLKsQ/WOzkWhs=
47,-49,iVvnrHbV6rBdAGIvPUKaA8DBk0M=,G71+2qaYO/UOf8wLKsQ/WOzkWhs=
47,-53,iVvnrHbV6rBdAGIvPUKaA8DBk0M=,G71+2qaYO/UOf8wLKsQ/WOzkWhs=
45,-46,iVvnrHbV6rBdAGIvPUKaA8DBk0M=,SnmI5D0c8pV+MJgWT7s6NYWuZB0=
46,-46,iVvnrHbV6rBdAGIvPUKaA8DBk0M=,SnmI5D0c8pV+MJgWT7s6NYWuZB0=
44,-33,iVvnrHbV6rBdAGIvPUKaA8DBk0M=,SnmI5D0c8pV+MJgWT7s6NYWuZB0=
43,-33,iVvnrHbV6rBdAGIvPUKaA8DBk0M=,SnmI5D0c8pV+MJgWT7s6NYWuZB0=
42,-33,iVvnrHbV6rBdAGIvPUKaA8DBk0M=,SnmI5D0c8pV+MJgWT7s6NYWuZB0=
45,-33,iVvnrHbV6rBdAGIvPUKaA8DBk0M=,SnmI5D0c8pV+MJgWT7s6NYWuZB0=
47,-33,iVvnrHbV6rBdAGIvPUKaA8DBk0M=,SnmI5D0c8pV+MJgWT7s6NYWuZB0=
41,-33,iVvnrHbV6rBdAGIvPUKaA8DBk0M=,SnmI5D0c8pV+MJgWT7s6NYWuZB0=
40,-33,8H9rmdwjVMgeYbu9n9yUVnSFtfo=,SnmI5D0c8pV+MJgWT7s6NYWuZB0=
35,-33,8H9rmdwjVMgeYbu9n9yUVnSFtfo=,SnmI5D0c8pV+MJgWT7s6NYWuZB0=
34,-33,8H9rmdwjVMgeYbu9n9yUVnSFtfo=,SnmI5D0c8pV+MJgWT7s6NYWuZB0=
35,-48,8H9rmdwjVMgeYbu9n9yUVnSFtfo=,SnmI5D0c8pV+MJgWT7s6NYWuZB0=
33,-47,8H9rmdwjVMgeYbu9n9yUVnSFtfo=,SnmI5D0c8pV+MJgWT7s6NYWuZB0=
33,-33,8H9rmdwjVMgeYbu9n9yUVnSFtfo=,SnmI5D0c8pV+MJgWT7s6NYWuZB0=
38,-33,8H9rmdwjVMgeYbu9n9yUVnSFtfo=,SnmI5D0c8pV+MJgWT7s6NYWuZB0=
47,-46,8H9rmdwjVMgeYbu9n9yUVnSFtfo=,SnmI5D0c8pV+MJgWT7s6NYWuZB0=
32,-45,8H9rmdwjVMgeYbu9n9yUVnSFtfo=,SnmI5D0c8pV+MJgWT7s6NYWuZB0=
33,-45,8H9rmdwjVMgeYbu9n9yUVnSFtfo=,SnmI5D0c8pV+MJgWT7s6NYWuZB0=
35,-45,8H9rmdwjVMgeYbu9n9yUVnSFtfo=,SnmI5D0c8pV+MJgWT7s6NYWuZB0=
34,-45,8H9rmdwjVMgeYbu9n9yUVnSFtfo=,SnmI5D0c8pV+MJgWT7s6NYWuZB0=
36,-45,8H9rmdwjVMgeYbu9n9yUVnSFtfo=,SnmI5D0c8pV+MJgWT7s6NYWuZB0=
32,-46,8H9rmdwjVMgeYbu9n9yUVnSFtfo=,SnmI5D0c8pV+MJgWT7s6NYWuZB0=
36,-48,8H9rmdwjVMgeYbu9n9yUVnSFtfo=,SnmI5D0c8pV+MJgWT7s6NYWuZB0=
37,-45,8H9rmdwjVMgeYbu9n9yUVnSFtfo=,SnmI5D0c8pV+MJgWT7s6NYWuZB0=
46,-33,8H9rmdwjVMgeYbu9n9yUVnSFtfo=,SnmI5D0c8pV+MJgWT7s6NYWuZB0=
39,-45,8H9rmdwjVMgeYbu9n9yUVnSFtfo=,SnmI5D0c8pV+MJgWT7s6NYWuZB0=
45,-47,8H9rmdwjVMgeYbu9n9yUVnSFtfo=,SnmI5D0c8pV+MJgWT7s6NYWuZB0=
44,-47,8H9rmdwjVMgeYbu9n9yUVnSFtfo=,SnmI5D0c8pV+MJgWT7s6NYWuZB0=
38,-45,8H9rmdwjVMgeYbu9n9yUVnSFtfo=,SnmI5D0c8pV+MJgWT7s6NYWuZB0=
40,-45,8H9rmdwjVMgeYbu9n9yUVnSFtfo=,SnmI5D0c8pV+MJgWT7s6NYWuZB0=
43,-47,8H9rmdwjVMgeYbu9n9yUVnSFtfo=,SnmI5D0c8pV+MJgWT7s6NYWuZB0=
42,-47,8H9rmdwjVMgeYbu9n9yUVnSFtfo=,SnmI5D0c8pV+MJgWT7s6NYWuZB0=
40,-47,8H9rmdwjVMgeYbu9n9yUVnSFtfo=,SnmI5D0c8pV+MJgWT7s6NYWuZB0=
39,-47,8H9rmdwjVMgeYbu9n9yUVnSFtfo=,SnmI5D0c8pV+MJgWT7s6NYWuZB0=
39,-33,8H9rmdwjVMgeYbu9n9yUVnSFtfo=,SnmI5D0c8pV+MJgWT7s6NYWuZB0=
37,-47,8H9rmdwjVMgeYbu9n9yUVnSFtfo=,SnmI5D0c8pV+MJgWT7s6NYWuZB0=
38,-47,8H9rmdwjVMgeYbu9n9yUVnSFtfo=,SnmI5D0c8pV+MJgWT7s6NYWuZB0=
36,-47,8H9rmdwjVMgeYbu9n9yUVnSFtfo=,SnmI5D0c8pV+MJgWT7s6NYWuZB0=
35,-47,8H9rmdwjVMgeYbu9n9yUVnSFtfo=,SnmI5D0c8pV+MJgWT7s6NYWuZB0=
41,-47,8H9rmdwjVMgeYbu9n9yUVnSFtfo=,SnmI5D0c8pV+MJgWT7s6NYWuZB0=
32,-33,8H9rmdwjVMgeYbu9n9yUVnSFtfo=,SnmI5D0c8pV+MJgWT7s6NYWuZB0=
34,-47,8H9rmdwjVMgeYbu9n9yUVnSFtfo=,SnmI5D0c8pV+MJgWT7s6NYWuZB0=
34,-48,8H9rmdwjVMgeYbu9n9yUVnSFtfo=,SnmI5D0c8pV+MJgWT7s6NYWuZB0=
44,-46,8H9rmdwjVMgeYbu9n9yUVnSFtfo=,SnmI5D0c8pV+MJgWT7s6NYWuZB0=
36,-33,8H9rmdwjVMgeYbu9n9yUVnSFtfo=,SnmI5D0c8pV+MJgWT7s6NYWuZB0=
41,-45,8H9rmdwjVMgeYbu9n9yUVnSFtfo=,SnmI5D0c8pV+MJgWT7s6NYWuZB0=
46,-47,8H9rmdwjVMgeYbu9n9yUVnSFtfo=,SnmI5D0c8pV+MJgWT7s6NYWuZB0=
42,-45,8H9rmdwjVMgeYbu9n9yUVnSFtfo=,SnmI5D0c8pV+MJgWT7s6NYWuZB0=
37,-33,8H9rmdwjVMgeYbu9n9yUVnSFtfo=,SnmI5D0c8pV+MJgWT7s6NYWuZB0=
47,-34,8H9rmdwjVMgeYbu9n9yUVnSFtfo=,SnmI5D0c8pV+MJgWT7s6NYWuZB0=
46,-34,8H9rmdwjVMgeYbu9n9yUVnSFtfo=,SnmI5D0c8pV+MJgWT7s6NYWuZB0=
47,-47,8H9rmdwjVMgeYbu9n9yUVnSFtfo=,SnmI5D0c8pV+MJgWT7s6NYWuZB0=
45,-34,8H9rmdwjVMgeYbu9n9yUVnSFtfo=,SnmI5D0c8pV+MJgWT7s6NYWuZB0=
43,-45,8H9rmdwjVMgeYbu9n9yUVnSFtfo=,SnmI5D0c8pV+MJgWT7s6NYWuZB0=
44,-34,8H9rmdwjVMgeYbu9n9yUVnSFtfo=,SnmI5D0c8pV+MJgWT7s6NYWuZB0=
43,-34,8H9rmdwjVMgeYbu9n9yUVnSFtfo=,SnmI5D0c8pV+MJgWT7s6NYWuZB0=
40,-34,8H9rmdwjVMgeYbu9n9yUVnSFtfo=,SnmI5D0c8pV+MJgWT7s6NYWuZB0=
41,-34,8H9rmdwjVMgeYbu9n9yUVnSFtfo=,SnmI5D0c8pV+MJgWT7s6NYWuZB0=
38,-34,8H9rmdwjVMgeYbu9n9yUVnSFtfo=,SnmI5D0c8pV+MJgWT7s6NYWuZB0=
32,-47,8H9rmdwjVMgeYbu9n9yUVnSFtfo=,SnmI5D0c8pV+MJgWT7s6NYWuZB0=
45,-45,8H9rmdwjVMgeYbu9n9yUVnSFtfo=,SnmI5D0c8pV+MJgWT7s6NYWuZB0=
42,-34,8H9rmdwjVMgeYbu9n9yUVnSFtfo=,SnmI5D0c8pV+MJgWT7s6NYWuZB0=
36,-34,8H9rmdwjVMgeYbu9n9yUVnSFtfo=,SnmI5D0c8pV+MJgWT7s6NYWuZB0=
47,-35,8H9rmdwjVMgeYbu9n9yUVnSFtfo=,SnmI5D0c8pV+MJgWT7s6NYWuZB0=
43,-46,8H9rmdwjVMgeYbu9n9yUVnSFtfo=,SnmI5D0c8pV+MJgWT7s6NYWuZB0=
39,-34,8H9rmdwjVMgeYbu9n9yUVnSFtfo=,SnmI5D0c8pV+MJgWT7s6NYWuZB0=
46,-35,8H9rmdwjVMgeYbu9n9yUVnSFtfo=,SnmI5D0c8pV+MJgWT7s6NYWuZB0=
46,-45,8H9rmdwjVMgeYbu9n9yUVnSFtfo=,SnmI5D0c8pV+MJgWT7s6NYWuZB0=
37,-34,8H9rmdwjVMgeYbu9n9yUVnSFtfo=,SnmI5D0c8pV+MJgWT7s6NYWuZB0=
45,-35,8H9rmdwjVMgeYbu9n9yUVnSFtfo=,SnmI5D0c8pV+MJgWT7s6NYWuZB0=
47,-48,8H9rmdwjVMgeYbu9n9yUVnSFtfo=,SnmI5D0c8pV+MJgWT7s6NYWuZB0=
44,-35,8H9rmdwjVMgeYbu9n9yUVnSFtfo=,SnmI5D0c8pV+MJgWT7s6NYWuZB0=
43,-35,8H9rmdwjVMgeYbu9n9yUVnSFtfo=,SnmI5D0c8pV+MJgWT7s6NYWuZB0=
42,-35,8H9rmdwjVMgeYbu9n9yUVnSFtfo=,SnmI5D0c8pV+MJgWT7s6NYWuZB0=
40,-35,8H9rmdwjVMgeYbu9n9yUVnSFtfo=,SnmI5D0c8pV+MJgWT7s6NYWuZB0=
35,-35,8H9rmdwjVMgeYbu9n9yUVnSFtfo=,SnmI5D0c8pV+MJgWT7s6NYWuZB0=
34,-35,8H9rmdwjVMgeYbu9n9yUVnSFtfo=,SnmI5D0c8pV+MJgWT7s6NYWuZB0=
33,-35,8H9rmdwjVMgeYbu9n9yUVnSFtfo=,SnmI5D0c8pV+MJgWT7s6NYWuZB0=
33,-48,8H9rmdwjVMgeYbu9n9yUVnSFtfo=,SnmI5D0c8pV+MJgWT7s6NYWuZB0=
32,-35,8H9rmdwjVMgeYbu9n9yUVnSFtfo=,SnmI5D0c8pV+MJgWT7s6NYWuZB0=
41,-35,8H9rmdwjVMgeYbu9n9yUVnSFtfo=,SnmI5D0c8pV+MJgWT7s6NYWuZB0=
47,-45,8H9rmdwjVMgeYbu9n9yUVnSFtfo=,SnmI5D0c8pV+MJgWT7s6NYWuZB0=
32,-44,8H9rmdwjVMgeYbu9n9yUVnSFtfo=,SnmI5D0c8pV+MJgWT7s6NYWuZB0=
33,-46,8H9rmdwjVMgeYbu9n9yUVnSFtfo=,SnmI5D0c8pV+MJgWT7s6NYWuZB0=
33,-44,8H9rmdwjVMgeYbu9n9yUVnSFtfo=,SnmI5D0c8pV+MJgWT7s6NYWuZB0=
34,-44,8H9rmdwjVMgeYbu9n9yUVnSFtfo=,SnmI5D0c8pV+MJgWT7s6NYWuZB0=
39,-35,8H9rmdwjVMgeYbu9n9yUVnSFtfo=,SnmI5D0c8pV+MJgWT7s6NYWuZB0=
35,-44,8H9rmdwjVMgeYbu9n9yUVnSFtfo=,SnmI5D0c8pV+MJgWT7s6NYWuZB0=
34,-46,8H9rmdwjVMgeYbu9n9yUVnSFtfo=,SnmI5D0c8pV+MJgWT7s6NYWuZB0=
37,-48,8H9rmdwjVMgeYbu9n9yUVnSFtfo=,SnmI5D0c8pV+MJgWT7s6NYWuZB0=
38,-35,8H9rmdwjVMgeYbu9n9yUVnSFtfo=,SnmI5D0c8pV+MJgWT7s6NYWuZB0=
36,-44,8H9rmdwjVMgeYbu9n9yUVnSFtfo=,SnmI5D0c8pV+MJgWT7s6NYWuZB0=
37,-44,8H9rmdwjVMgeYbu9n9yUVnSFtfo=,SnmI5D0c8pV+MJgWT7s6NYWuZB0=
38,-44,8H9rmdwjVMgeYbu9n9yUVnSFtfo=,SnmI5D0c8pV+MJgWT7s6NYWuZB0=
39,-44,8H9rmdwjVMgeYbu9n9yUVnSFtfo=,SnmI5D0c8pV+MJgWT7s6NYWuZB0=
32,-48,8H9rmdwjVMgeYbu9n9yUVnSFtfo=,SnmI5D0c8pV+MJgWT7s6NYWuZB0=
46,-48,8H9rmdwjVMgeYbu9n9yUVnSFtfo=,SnmI5D0c8pV+MJgWT7s6NYWuZB0=
45,-36,8H9rmdwjVMgeYbu9n9yUVnSFtfo=,SnmI5D0c8pV+MJgWT7s6NYWuZB0=
42,-46,8H9rmdwjVMgeYbu9n9yUVnSFtfo=,SnmI5D0c8pV+MJgWT7s6NYWuZB0=
47,-36,8H9rmdwjVMgeYbu9n9yUVnSFtfo=,SnmI5D0c8pV+MJgWT7s6NYWuZB0=
37,-35,8H9rmdwjVMgeYbu9n9yUVnSFtfo=,SnmI5D0c8pV+MJgWT7s6NYWuZB0=
46,-36,8H9rmdwjVMgeYbu9n9yUVnSFtfo=,SnmI5D0c8pV+MJgWT7s6NYWuZB0=
36,-35,8H9rmdwjVMgeYbu9n9yUVnSFtfo=,SnmI5D0c8pV+MJgWT7s6NYWuZB0=
40,-44,8H9rmdwjVMgeYbu9n9yUVnSFtfo=,SnmI5D0c8pV+MJgWT7s6NYWuZB0=
44,-36,8H9rmdwjVMgeYbu9n9yUVnSFtfo=,SnmI5D0c8pV+MJgWT7s6NYWuZB0=
43,-36,8H9rmdwjVMgeYbu9n9yUVnSFtfo=,SnmI5D0c8pV+MJgWT7s6NYWuZB0=
41,-36,8H9rmdwjVMgeYbu9n9yUVnSFtfo=,SnmI5D0c8pV+MJgWT7s6NYWuZB0=
42,-36,8H9rmdwjVMgeYbu9n9yUVnSFtfo=,SnmI5D0c8pV+MJgWT7s6NYWuZB0=
35,-36,8H9rmdwjVMgeYbu9n9yUVnSFtfo=,SnmI5D0c8pV+MJgWT7s6NYWuZB0=
34,-36,8H9rmdwjVMgeYbu9n9yUVnSFtfo=,SnmI5D0c8pV+MJgWT7s6NYWuZB0=
33,-36,8H9rmdwjVMgeYbu9n9yUVnSFtfo=,SnmI5D0c8pV+MJgWT7s6NYWuZB0=
32,-36,8H9rmdwjVMgeYbu9n9yUVnSFtfo=,SnmI5D0c8pV+MJgWT7s6NYWuZB0=
39,-36,8H9rmdwjVMgeYbu9n9yUVnSFtfo=,SnmI5D0c8pV+MJgWT7s6NYWuZB0=
40,-36,8H9rmdwjVMgeYbu9n9yUVnSFtfo=,SnmI5D0c8pV+MJgWT7s6NYWuZB0=
37,-36,8H9rmdwjVMgeYbu9n9yUVnSFtfo=,SnmI5D0c8pV+MJgWT7s6NYWuZB0=
41,-44,8H9rmdwjVMgeYbu9n9yUVnSFtfo=,SnmI5D0c8pV+MJgWT7s6NYWuZB0=
38,-36,8H9rmdwjVMgeYbu9n9yUVnSFtfo=,SnmI5D0c8pV+MJgWT7s6NYWuZB0=
45,-48,8H9rmdwjVMgeYbu9n9yUVnSFtfo=,SnmI5D0c8pV+MJgWT7s6NYWuZB0=
36,-36,8H9rmdwjVMgeYbu9n9yUVnSFtfo=,SnmI5D0c8pV+MJgWT7s6NYWuZB0=
41,-46,8H9rmdwjVMgeYbu9n9yUVnSFtfo=,SnmI5D0c8pV+MJgWT7s6NYWuZB0=
44,-37,8H9rmdwjVMgeYbu9n9yUVnSFtfo=,SnmI5D0c8pV+MJgWT7s6NYWuZB0=
46,-37,8H9rmdwjVMgeYbu9n9yUVnSFtfo=,SnmI5D0c8pV+MJgWT7s6NYWuZB0=
47,-37,8H9rmdwjVMgeYbu9n9yUVnSFtfo=,SnmI5D0c8pV+MJgWT7s6NYWuZB0=
42,-44,8H9rmdwjVMgeYbu9n9yUVnSFtfo=,SnmI5D0c8pV+MJgWT7s6NYWuZB0=
41,-37,8H9rmdwjVMgeYbu9n9yUVnSFtfo=,SnmI5D0c8pV+MJgWT7s6NYWuZB0=
42,-37,8H9rmdwjVMgeYbu9n9yUVnSFtfo=,SnmI5D0c8pV+MJgWT7s6NYWuZB0=
39,-37,8H9rmdwjVMgeYbu9n9yUVnSFtfo=,SnmI5D0c8pV+MJgWT7s6NYWuZB0=
34,-37,8H9rmdwjVMgeYbu9n9yUVnSFtfo=,SnmI5D0c8pV+MJgWT7s6NYWuZB0=
35,-37,8H9rmdwjVMgeYbu9n9yUVnSFtfo=,SnmI5D0c8pV+MJgWT7s6NYWuZB0=
33,-37,8H9rmdwjVMgeYbu9n9yUVnSFtfo=,SnmI5D0c8pV+MJgWT7s6NYWuZB0=
32,-37,8H9rmdwjVMgeYbu9n9yUVnSFtfo=,SnmI5D0c8pV+MJgWT7s6NYWuZB0=
40,-37,8H9rmdwjVMgeYbu9n9yUVnSFtfo=,SnmI5D0c8pV+MJgWT7s6NYWuZB0=
36,-37,8H9rmdwjVMgeYbu9n9yUVnSFtfo=,SnmI5D0c8pV+MJgWT7s6NYWuZB0=
43,-44,8H9rmdwjVMgeYbu9n9yUVnSFtfo=,SnmI5D0c8pV+MJgWT7s6NYWuZB0=
46,-38,8H9rmdwjVMgeYbu9n9yUVnSFtfo=,SnmI5D0c8pV+MJgWT7s6NYWuZB0=
43,-37,8H9rmdwjVMgeYbu9n9yUVnSFtfo=,SnmI5D0c8pV+MJgWT7s6NYWuZB0=
37,-37,8H9rmdwjVMgeYbu9n9yUVnSFtfo=,SnmI5D0c8pV+MJgWT7s6NYWuZB0=
44,-48,8H9rmdwjVMgeYbu9n9yUVnSFtfo=,SnmI5D0c8pV+MJgWT7s6NYWuZB0=
44,-38,8H9rmdwjVMgeYbu9n9yUVnSFtfo=,SnmI5D0c8pV+MJgWT7s6NYWuZB0=
44,-44,8H9rmdwjVMgeYbu9n9yUVnSFtfo=,SnmI5D0c8pV+MJgWT7s6NYWuZB0=
40,-46,8H9rmdwjVMgeYbu9n9yUVnSFtfo=,SnmI5D0c8pV+MJgWT7s6NYWuZB0=
38,-37,8H9rmdwjVMgeYbu9n9yUVnSFtfo=,SnmI5D0c8pV+MJgWT7s6NYWuZB0=
47,-38,8H9rmdwjVMgeYbu9n9yUVnSFtfo=,SnmI5D0c8pV+MJgWT7s6NYWuZB0=
45,-38,8H9rmdwjVMgeYbu9n9yUVnSFtfo=,SnmI5D0c8pV+MJgWT7s6NYWuZB0=
39,-38,8H9rmdwjVMgeYbu9n9yUVnSFtfo=,SnmI5D0c8pV+MJgWT7s6NYWuZB0=
43,-38,8H9rmdwjVMgeYbu9n9yUVnSFtfo=,SnmI5D0c8pV+MJgWT7s6NYWuZB0=
36,-38,8H9rmdwjVMgeYbu9n9yUVnSFtfo=,SnmI5D0c8pV+MJgWT7s6NYWuZB0=
42,-38,8H9rmdwjVMgeYbu9n9yUVnSFtfo=,SnmI5D0c8pV+MJgWT7s6NYWuZB0=
35,-38,8H9rmdwjVMgeYbu9n9yUVnSFtfo=,SnmI5D0c8pV+MJgWT7s6NYWuZB0=
34,-38,8H9rmdwjVMgeYbu9n9yUVnSFtfo=,SnmI5D0c8pV+MJgWT7s6NYWuZB0=
33,-38,8H9rmdwjVMgeYbu9n9yUVnSFtfo=,SnmI5D0c8pV+MJgWT7s6NYWuZB0=
32,-38,8H9rmdwjVMgeYbu9n9yUVnSFtfo=,SnmI5D0c8pV+MJgWT7s6NYWuZB0=
41,-38,8H9rmdwjVMgeYbu9n9yUVnSFtfo=,SnmI5D0c8pV+MJgWT7s6NYWuZB0=
40,-38,8H9rmdwjVMgeYbu9n9yUVnSFtfo=,SnmI5D0c8pV+MJgWT7s6NYWuZB0=
37,-38,8H9rmdwjVMgeYbu9n9yUVnSFtfo=,SnmI5D0c8pV+MJgWT7s6NYWuZB0=
38,-38,8H9rmdwjVMgeYbu9n9yUVnSFtfo=,SnmI5D0c8pV+MJgWT7s6NYWuZB0=
45,-44,8H9rmdwjVMgeYbu9n9yUVnSFtfo=,SnmI5D0c8pV+MJgWT7s6NYWuZB0=
46,-39,8H9rmdwjVMgeYbu9n9yUVnSFtfo=,SnmI5D0c8pV+MJgWT7s6NYWuZB0=
43,-48,8H9rmdwjVMgeYbu9n9yUVnSFtfo=,SnmI5D0c8pV+MJgWT7s6NYWuZB0=
47,-39,8H9rmdwjVMgeYbu9n9yUVnSFtfo=,SnmI5D0c8pV+MJgWT7s6NYWuZB0=
39,-46,8H9rmdwjVMgeYbu9n9yUVnSFtfo=,SnmI5D0c8pV+MJgWT7s6NYWuZB0=
42,-39,8H9rmdwjVMgeYbu9n9yUVnSFtfo=,SnmI5D0c8pV+MJgWT7s6NYWuZB0=
43,-39,8H9rmdwjVMgeYbu9n9yUVnSFtfo=,SnmI5D0c8pV+MJgWT7s6NYWuZB0=
46,-44,8H9rmdwjVMgeYbu9n9yUVnSFtfo=,SnmI5D0c8pV+MJgWT7s6NYWuZB0=
40,-39,8H9rmdwjVMgeYbu9n9yUVnSFtfo=,SnmI5D0c8pV+MJgWT7s6NYWuZB0=
44,-39,8H9rmdwjVMgeYbu9n9yUVnSFtfo=,SnmI5D0c8pV+MJgWT7s6NYWuZB0=
41,-39,8H9rmdwjVMgeYbu9n9yUVnSFtfo=,SnmI5D0c8pV+MJgWT7s6NYWuZB0=
36,-39,8H9rmdwjVMgeYbu9n9yUVnSFtfo=,SnmI5D0c8pV+MJgWT7s6NYWuZB0=
35,-39,8H9rmdwjVMgeYbu9n9yUVnSFtfo=,SnmI5D0c8pV+MJgWT7s6NYWuZB0=
34,-39,8H9rmdwjVMgeYbu9n9yUVnSFtfo=,SnmI5D0c8pV+MJgWT7s6NYWuZB0=
33,-39,8H9rmdwjVMgeYbu9n9yUVnSFtfo=,SnmI5D0c8pV+MJgWT7s6NYWuZB0=
32,-39,8H9rmdwjVMgeYbu9n9yUVnSFtfo=,SnmI5D0c8pV+MJgWT7s6NYWuZB0=
37,-39,8H9rmdwjVMgeYbu9n9yUVnSFtfo=,SnmI5D0c8pV+MJgWT7s6NYWuZB0=
39,-39,8H9rmdwjVMgeYbu9n9yUVnSFtfo=,SnmI5D0c8pV+MJgWT7s6NYWuZB0=
45,-39,8H9rmdwjVMgeYbu9n9yUVnSFtfo=,SnmI5D0c8pV+MJgWT7s6NYWuZB0=
38,-39,8H9rmdwjVMgeYbu9n9yUVnSFtfo=,SnmI5D0c8pV+MJgWT7s6NYWuZB0=
47,-44,8H9rmdwjVMgeYbu9n9yUVnSFtfo=,SnmI5D0c8pV+MJgWT7s6NYWuZB0=
38,-48,8H9rmdwjVMgeYbu9n9yUVnSFtfo=,SnmI5D0c8pV+MJgWT7s6NYWuZB0=
32,-43,8H9rmdwjVMgeYbu9n9yUVnSFtfo=,SnmI5D0c8pV+MJgWT7s6NYWuZB0=
33,-43,8H9rmdwjVMgeYbu9n9yUVnSFtfo=,SnmI5D0c8pV+MJgWT7s6NYWuZB0=
34,-43,8H9rmdwjVMgeYbu9n9yUVnSFtfo=,SnmI5D0c8pV+MJgWT7s6NYWuZB0=
35,-43,8H9rmdwjVMgeYbu9n9yUVnSFtfo=,SnmI5D0c8pV+MJgWT7s6NYWuZB0=
36,-43,8H9rmdwjVMgeYbu9n9yUVnSFtfo=,SnmI5D0c8pV+MJgWT7s6NYWuZB0=
35,-46,8H9rmdwjVMgeYbu9n9yUVnSFtfo=,SnmI5D0c8pV+MJgWT7s6NYWuZB0=
37,-43,8H9rmdwjVMgeYbu9n9yUVnSFtfo=,SnmI5D0c8pV+MJgWT7s6NYWuZB0=
39,-48,8H9rmdwjVMgeYbu9n9yUVnSFtfo=,SnmI5D0c8pV+MJgWT7s6NYWuZB0=
46,-40,8H9rmdwjVMgeYbu9n9yUVnSFtfo=,SnmI5D0c8pV+MJgWT7s6NYWuZB0=
38,-43,8H9rmdwjVMgeYbu9n9yUVnSFtfo=,SnmI5D0c8pV+MJgWT7s6NYWuZB0=
47,-40,8H9rmdwjVMgeYbu9n9yUVnSFtfo=,SnmI5D0c8pV+MJgWT7s6NYWuZB0=
42,-48,8H9rmdwjVMgeYbu9n9yUVnSFtfo=,SnmI5D0c8pV+MJgWT7s6NYWuZB0=
42,-40,8H9rmdwjVMgeYbu9n9yUVnSFtfo=,SnmI5D0c8pV+MJgWT7s6NYWuZB0=
38,-46,8H9rmdwjVMgeYbu9n9yUVnSFtfo=,SnmI5D0c8pV+MJgWT7s6NYWuZB0=
39,-43,8H9rmdwjVMgeYbu9n9yUVnSFtfo=,SnmI5D0c8pV+MJgWT7s6NYWuZB0=
43,-40,8H9rmdwjVMgeYbu9n9yUVnSFtfo=,SnmI5D0c8pV+MJgWT7s6NYWuZB0=
41,-40,8H9rmdwjVMgeYbu9n9yUVnSFtfo=,SnmI5D0c8pV+MJgWT7s6NYWuZB0=
37,-40,8H9rmdwjVMgeYbu9n9yUVnSFtfo=,SnmI5D0c8pV+MJgWT7s6NYWuZB0=
36,-40,8H9rmdwjVMgeYbu9n9yUVnSFtfo=,SnmI5D0c8pV+MJgWT7s6NYWuZB0=
34,-40,8H9rmdwjVMgeYbu9n9yUVnSFtfo=,SnmI5D0c8pV+MJgWT7s6NYWuZB0=
35,-40,8H9rmdwjVMgeYbu9n9yUVnSFtfo=,SnmI5D0c8pV+MJgWT7s6NYWuZB0=
33,-40,8H9rmdwjVMgeYbu9n9yUVnSFtfo=,SnmI5D0c8pV+MJgWT7s6NYWuZB0=
32,-40,8H9rmdwjVMgeYbu9n9yUVnSFtfo=,SnmI5D0c8pV+MJgWT7s6NYWuZB0=
38,-40,8H9rmdwjVMgeYbu9n9yUVnSFtfo=,SnmI5D0c8pV+MJgWT7s6NYWuZB0=
45,-40,8H9rmdwjVMgeYbu9n9yUVnSFtfo=,SnmI5D0c8pV+MJgWT7s6NYWuZB0=
44,-40,8H9rmdwjVMgeYbu9n9yUVnSFtfo=,SnmI5D0c8pV+MJgWT7s6NYWuZB0=
40,-40,8H9rmdwjVMgeYbu9n9yUVnSFtfo=,SnmI5D0c8pV+MJgWT7s6NYWuZB0=
40,-43,8H9rmdwjVMgeYbu9n9yUVnSFtfo=,SnmI5D0c8pV+MJgWT7s6NYWuZB0=
39,-40,8H9rmdwjVMgeYbu9n9yUVnSFtfo=,SnmI5D0c8pV+MJgWT7s6NYWuZB0=
47,-41,8H9rmdwjVMgeYbu9n9yUVnSFtfo=,SnmI5D0c8pV+MJgWT7s6NYWuZB0=
46,-41,8H9rmdwjVMgeYbu9n9yUVnSFtfo=,SnmI5D0c8pV+MJgWT7s6NYWuZB0=
45,-41,8H9rmdwjVMgeYbu9n9yUVnSFtfo=,SnmI5D0c8pV+MJgWT7s6NYWuZB0=
41,-48,8H9rmdwjVMgeYbu9n9yUVnSFtfo=,SnmI5D0c8pV+MJgWT7s6NYWuZB0=
44,-41,8H9rmdwjVMgeYbu9n9yUVnSFtfo=,SnmI5D0c8pV+MJgWT7s6NYWuZB0=
37,-46,8H9rmdwjVMgeYbu9n9yUVnSFtfo=,SnmI5D0c8pV+MJgWT7s6NYWuZB0=
42,-41,8H9rmdwjVMgeYbu9n9yUVnSFtfo=,SnmI5D0c8pV+MJgWT7s6NYWuZB0=
37,-41,8H9rmdwjVMgeYbu9n9yUVnSFtfo=,SnmI5D0c8pV+MJgWT7s6NYWuZB0=
36,-41,8H9rmdwjVMgeYbu9n9yUVnSFtfo=,SnmI5D0c8pV+MJgWT7s6NYWuZB0=
34,-41,8H9rmdwjVMgeYbu9n9yUVnSFtfo=,SnmI5D0c8pV+MJgWT7s6NYWuZB0=
35,-41,8H9rmdwjVMgeYbu9n9yUVnSFtfo=,SnmI5D0c8pV+MJgWT7s6NYWuZB0=
33,-41,8H9rmdwjVMgeYbu9n9yUVnSFtfo=,SnmI5D0c8pV+MJgWT7s6NYWuZB0=
32,-41,8H9rmdwjVMgeYbu9n9yUVnSFtfo=,SnmI5D0c8pV+MJgWT7s6NYWuZB0=
41,-43,8H9rmdwjVMgeYbu9n9yUVnSFtfo=,SnmI5D0c8pV+MJgWT7s6NYWuZB0=
43,-41,8H9rmdwjVMgeYbu9n9yUVnSFtfo=,SnmI5D0c8pV+MJgWT7s6NYWuZB0=
39,-41,8H9rmdwjVMgeYbu9n9yUVnSFtfo=,SnmI5D0c8pV+MJgWT7s6NYWuZB0=
40,-41,8H9rmdwjVMgeYbu9n9yUVnSFtfo=,SnmI5D0c8pV+MJgWT7s6NYWuZB0=
38,-41,8H9rmdwjVMgeYbu9n9yUVnSFtfo=,SnmI5D0c8pV+MJgWT7s6NYWuZB0=
46,-42,8H9rmdwjVMgeYbu9n9yUVnSFtfo=,SnmI5D0c8pV+MJgWT7s6NYWuZB0=
41,-41,8H9rmdwjVMgeYbu9n9yUVnSFtfo=,SnmI5D0c8pV+MJgWT7s6NYWuZB0=
42,-42,8H9rmdwjVMgeYbu9n9yUVnSFtfo=,SnmI5D0c8pV+MJgWT7s6NYWuZB0=
43,-42,8H9rmdwjVMgeYbu9n9yUVnSFtfo=,SnmI5D0c8pV+MJgWT7s6NYWuZB0=
40,-48,8H9rmdwjVMgeYbu9n9yUVnSFtfo=,SnmI5D0c8pV+MJgWT7s6NYWuZB0=
38,-42,8H9rmdwjVMgeYbu9n9yUVnSFtfo=,SnmI5D0c8pV+MJgWT7s6NYWuZB0=
36,-46,8H9rmdwjVMgeYbu9n9yUVnSFtfo=,SnmI5D0c8pV+MJgWT7s6NYWuZB0=
37,-42,8H9rmdwjVMgeYbu9n9yUVnSFtfo=,SnmI5D0c8pV+MJgWT7s6NYWuZB0=
36,-42,8H9rmdwjVMgeYbu9n9yUVnSFtfo=,SnmI5D0c8pV+MJgWT7s6NYWuZB0=
35,-42,8H9rmdwjVMgeYbu9n9yUVnSFtfo=,SnmI5D0c8pV+MJgWT7s6NYWuZB0=
34,-42,8H9rmdwjVMgeYbu9n9yUVnSFtfo=,SnmI5D0c8pV+MJgWT7s6NYWuZB0=
33,-42,8H9rmdwjVMgeYbu9n9yUVnSFtfo=,SnmI5D0c8pV+MJgWT7s6NYWuZB0=
32,-42,8H9rmdwjVMgeYbu9n9yUVnSFtfo=,SnmI5D0c8pV+MJgWT7s6NYWuZB0=
45,-42,8H9rmdwjVMgeYbu9n9yUVnSFtfo=,SnmI5D0c8pV+MJgWT7s6NYWuZB0=
47,-42,8H9rmdwjVMgeYbu9n9yUVnSFtfo=,SnmI5D0c8pV+MJgWT7s6NYWuZB0=
39,-42,8H9rmdwjVMgeYbu9n9yUVnSFtfo=,SnmI5D0c8pV+MJgWT7s6NYWuZB0=
42,-43,8H9rmdwjVMgeYbu9n9yUVnSFtfo=,SnmI5D0c8pV+MJgWT7s6NYWuZB0=
47,-43,8H9rmdwjVMgeYbu9n9yUVnSFtfo=,SnmI5D0c8pV+MJgWT7s6NYWuZB0=
40,-42,8H9rmdwjVMgeYbu9n9yUVnSFtfo=,SnmI5D0c8pV+MJgWT7s6NYWuZB0=
41,-42,8H9rmdwjVMgeYbu9n9yUVnSFtfo=,SnmI5D0c8pV+MJgWT7s6NYWuZB0=
44,-42,8H9rmdwjVMgeYbu9n9yUVnSFtfo=,SnmI5D0c8pV+MJgWT7s6NYWuZB0=
35,-34,8H9rmdwjVMgeYbu9n9yUVnSFtfo=,SnmI5D0c8pV+MJgWT7s6NYWuZB0=
46,-43,8H9rmdwjVMgeYbu9n9yUVnSFtfo=,SnmI5D0c8pV+MJgWT7s6NYWuZB0=
43,-43,8H9rmdwjVMgeYbu9n9yUVnSFtfo=,SnmI5D0c8pV+MJgWT7s6NYWuZB0=
45,-43,8H9rmdwjVMgeYbu9n9yUVnSFtfo=,SnmI5D0c8pV+MJgWT7s6NYWuZB0=
32,-34,8H9rmdwjVMgeYbu9n9yUVnSFtfo=,SnmI5D0c8pV+MJgWT7s6NYWuZB0=
33,-34,8H9rmdwjVMgeYbu9n9yUVnSFtfo=,SnmI5D0c8pV+MJgWT7s6NYWuZB0=
44,-45,8H9rmdwjVMgeYbu9n9yUVnSFtfo=,SnmI5D0c8pV+MJgWT7s6NYWuZB0=
34,-34,8H9rmdwjVMgeYbu9n9yUVnSFtfo=,SnmI5D0c8pV+MJgWT7s6NYWuZB0=
44,-43,8H9rmdwjVMgeYbu9n9yUVnSFtfo=,SnmI5D0c8pV+MJgWT7s6NYWuZB0=
45,-37,8H9rmdwjVMgeYbu9n9yUVnSFtfo=,SnmI5D0c8pV+MJgWT7s6NYWuZB0=
